5337 36 1830
5179 122 6147
5518 13 660
5508 62 3120
4979 19 960
5498 28 1406
5000 67 3367
5536 49 2470
5385 40 2048
5031 66 3330
5039 7 380
5233 71 3561
5547 101 5056
5624 43 2165
5005 90 4503
5100 12 627
5214 52 2601
5041 44 2201
5127 4 244
5411 63 3179
5397 98 4924
5349 10 529
5044 62 3148
5051 61 3056
5084 113 5692
4962 20 1018
5056 56 2812
5331 142 7142
5047 10 511
5611 80 4028
5154 200 10049
5092 61 3089
5146 47 2361
5155 53 2677
5013 82 4135
5625 207 10351
5339 63 3158
5513 62 3138
5168 24 1211
5512 82 4109
5092 68 3427
5519 188 9441
5182 51 2582
5449 98 4947
5449 28 1404
4999 59 2984
5440 51 2577
5454 199 9986
5454 0 21
5169 199 9993
5016 17 890
5451 31 1574
5000 4 248
4971 181 9072
5578 0 30
5092 88 4410
5071 13 694
5061 35 1762
