3 1843 184261
3 5524 552394
3 7299 729876
3 7299 729892
3 6473 647257
3 6473 647295
3 46 4581
3 1047 104617
3 4059 405872
3 2798 279729
3 740 73938
3 704 70307
3 5306 530560
3 241 24099
3 5228 522748
3 5228 522753
3 5228 522779
3 6144 614355
3 6144 614357
3 6144 614383
3 3814 381328
3 5146 514563
3 5146 514570
3 5146 514571
3 5146 514572
3 393 39233
3 393 39242
3 393 39253
3 6897 689613
3 1770 176936
3 7209 720841
3 3648 364776
3 7170 716984
3 6798 679722
3 6798 679742
3 3606 360585
3 2818 281756
3 5776 577502
3 5776 577536
3 5286 528522
3 7484 748343
3 7484 748384
3 4998 499737
3 4998 499796
3 1725 172459
3 1725 172494
3 1725 172500
3 7664 766363
3 964 96317
3 964 96335
3 964 96361
3 179 17834
3 179 17890
3 179 17899
3 7619 761900
3 3387 338656
3 5353 535269
3 4417 441646
3 797 79672
3 2053 205238
3 2053 205255
3 2049 204884
3 7306 730565
3 2898 289710
3 2898 289783
3 2898 289800
3 419 41817
3 7753 775202
3 7753 775236
3 7753 775295
3 3046 304506
3 3046 304562
3 3879 387840
3 3879 387891
3 1412 141187
3 6974 697303
3 3082 308119
3 3082 308121
3 3082 308175
3 3549 354880
3 5399 539838
3 5399 539855
3 7990 798961
3 7951 795046
3 7951 795082
3 5125 512487
3 107 10614
3 107 10625
3 107 10630
3 1994 199337
3 2787 278649
3 911 91010
3 911 91011
3 7146 714504
3 7932 793154
3 2590 258934
3 2590 258998
3 7270 726925
3 551 55065
3 4351 435058
3 6413 641243
3 2771 277088
3 433 43296
3 7010 700950
3 7795 779484
3 7369 736804
3 6578 657736
3 6578 657785
3 3410 340908
3 3410 340950
3 3410 340965
3 7634 763362
3 4936 493531
3 6406 640504
3 6406 640572
3 1186 118568
3 6036 603570
3 3414 341331
3 3414 341373
3 2559 255869
3 2559 255895
3 4621 462010
3 4015 401420
3 6286 628590
3 4862 486140
3 4891 489062
3 6167 616656
3 2734 273387
3 6627 662629
3 6627 662647
3 6627 662663
3 6627 662676
3 5620 561948
3 5620 561982
3 1320 131955
3 1320 131965
3 6827 682641
3 4502 450197
3 5007 500607
3 79 7896
3 4815 481462
3 5974 597304
3 418 41776
3 1163 116281
3 2709 270826
3 5956 595509
3 5956 595516
3 2833 283207
3 2833 283210
3 2833 283243
3 2833 283294
3 7501 750088
3 3269 326892
3 4384 438304
3 4384 438315
3 4384 438393
3 6290 628959
3 2080 207950
3 5239 523801
3 4903 490210
3 4903 490265
3 4903 490281
3 5383 538286
3 5383 538295
3 5597 559603
3 5597 559621
3 7766 776518
3 6027 602675
3 6027 602683
3 6027 602699
3 953 95243
3 953 95290
3 3601 360034
3 3601 360087
3 2128 212729
3 4846 484542
3 4846 484543
3 4846 484560
3 2852 285161
3 3245 324407
3 3245 324491
3 1718 171731
3 1718 171771
3 5213 521251
3 435 43444
3 4841 484058
3 4841 484077
3 3778 377709
3 3778 377774
3 3608 360708
3 3608 360752
3 3608 360765
3 2339 233807
3 2339 233810
3 1241 124004
3 1241 124094
3 1391 139016
3 2777 277630
3 504 50381
3 504 50386
3 504 50394
3 7695 769467
3 7695 769476
3 3310 330930
3 4659 465861
3 4431 443011
3 4431 443059
3 4431 443096
3 7263 726226
3 4875 487478
3 4648 464749
3 4648 464773
3 1266 126528
3 6081 608072
3 7226 722543
3 7697 769653
3 3984 398381
3 7590 758922
3 6442 644133
3 6442 644145
3 6858 685721
3 7471 747056
3 1021 102069
3 6658 665745
3 6658 665772
3 6758 675745
3 5935 593418
3 5935 593448
3 711 71073
3 711 71096
3 4149 414802
3 5823 582215
3 3640 363956
3 7477 747683
3 4607 460626
3 4607 460681
3 4607 460692
3 2577 257655
3 3344 334312
3 3344 334369
3 6224 622386
3 7551 755013
3 7551 755019
3 7551 755074
3 1191 119002
3 6100 609978
3 1821 182030
3 1821 182031
3 6961 696060
3 532 53195
3 3309 330890
3 5154 515389
3 6912 691182
3 4006 400557
3 4006 400582
3 4006 400587
3 6586 658527
3 5289 528812
3 5289 528884
3 5066 506537
3 5066 506550
3 3492 349108
3 3492 349197
3 5267 526694
3 5516 551513
3 5386 538526
3 5386 538569
3 5386 538594
3 2533 253234
3 4472 447149
3 1181 118071
3 2735 273444
3 2735 273446
3 3266 326502
3 3266 326579
3 3266 326585
3 7591 759085
3 110 10953
3 345 34494
3 7851 785001
3 7851 785015
3 7851 785062
3 6262 626103
3 7506 750544
3 1707 170616
3 2169 216839
3 4949 494823
3 3426 342512
3 2938 293729
3 2938 293784
3 7447 744652
3 7447 744697
3 6038 603727
3 3673 367229
3 3673 367244
3 5215 521401
3 5215 521419
3 5215 521480
3 1878 187761
3 594 59387
3 3578 357724
3 3578 357761
3 5705 570425
3 2020 201931
3 5499 549891
3 5177 517685
3 619 61896
3 7733 773242
3 7733 773243
3 2993 299254
3 910 90971
3 7043 704207
3 5196 519538
3 5196 519586
3 4103 410214
3 2489 248820
3 1231 123025
3 774 77337
3 5266 526509
3 5266 526528
3 5266 526558
3 5184 518337
3 7083 708220
3 1153 115282
3 3689 368824
3 6071 607045
3 7587 758657
3 7587 758661
3 7587 758671
3 1138 113708
3 1138 113722
3 3194 319368
3 3194 319394
3 5637 563602
3 5637 563681
3 5409 540824
3 5409 540827
3 1731 173031
3 1731 173084
3 7037 703687
3 91 9061
3 2618 261776
3 2618 261796
3 2180 217908
3 771 77097
3 5884 588393
3 4950 494986
3 1223 122208
3 4223 422264
3 5539 553888
3 958 95740
3 1802 180144
3 1802 180196
3 4983 498264
3 1367 136644
3 3982 398136
3 3982 398199
3 6124 612344
3 6124 612397
3 7759 775876
3 846 84559
3 846 84581
3 5275 527433
3 5608 560749
3 5509 550810
3 5509 550820
3 5509 550827
3 5509 550876
3 5509 550885
3 6288 628739
3 4827 482687
3 2412 241197
3 5384 538311
3 5384 538327
3 7059 705813
3 4038 403701
3 172 17124
3 7710 770910
3 5330 532987
3 3541 354079
3 3541 354095
3 2435 243486
3 2435 243488
3 4492 449119
3 4492 449131
3 1593 159268
3 5710 570975
3 6237 623607
3 1348 134723
3 1348 134729
3 1348 134794
3 3887 388610
3 2388 238763
3 2388 238790
3 4856 485516
3 3986 398586
3 7855 785459
3 7855 785462
3 4376 437516
3 4376 437579
3 4376 437586
3 6952 695155
3 1058 105712
3 3378 337729
3 7783 778212
3 7783 778232
3 2960 295940
3 2218 221704
3 2218 221793
3 1415 141454
3 3958 395737
3 3958 395760
3 2061 206005
3 2061 206050
3 2291 229053
3 4766 476522
3 4766 476575
3 4766 476596
3 1566 156526
3 1566 156544
3 2698 269798
3 2242 224133
3 3119 311862
3 5986 598541
3 5986 598579
3 104 10383
3 5313 531264
3 5313 531295
3 1741 174064
3 724 72315
3 724 72387
3 1221 122018
3 1221 122042
3 1221 122044
3 2442 244136
3 1155 115461
3 7012 701151
3 3102 310124
3 7133 713285
3 1337 133668
3 4257 425697
3 537 53694
3 689 68806
3 689 68863
3 4550 454966
3 331 33080
3 6984 698395
3 1068 106767
3 2694 269317
3 1168 116788
3 2621 262056
3 7008 700770
3 4764 476385
3 1771 177062
3 1771 177069
3 1771 177076
3 1771 177084
3 1605 160425
3 1605 160482
3 6211 621041
3 5764 576306
3 5764 576346
3 5764 576394
3 7819 781811
3 7819 781891
3 6705 670410
3 6705 670425
3 3582 358182
3 1440 143963
3 1674 167307
3 1674 167346
3 1697 169617
3 3820 381902
3 3820 381942
3 3820 381952
3 2044 204389
3 6837 683662
3 6837 683672
3 5376 537508
3 5376 537516
3 5376 537566
3 1561 156067
3 1561 156082
3 3714 371304
3 3714 371323
3 2518 251793
3 2082 208145
3 3949 394845
3 1359 135828
3 160 15915
3 160 15976
3 2623 262252
3 7702 770191
3 2782 278125
3 5351 535003
3 5351 535076
3 5351 535078
3 3405 340431
3 2402 240163
3 6408 640722
3 6408 640725
3 6408 640741
3 6247 624608
3 6247 624640
3 6247 624674
3 6247 624680
3 5655 565438
3 5655 565491
3 1226 122516
3 942 94105
3 6160 615928
3 6160 615971
3 2900 289925
3 251 25012
3 7433 743201
3 7433 743239
3 7433 743297
3 3932 393153
3 3932 393171
3 6764 676308
3 2727 272685
3 2763 276251
3 2157 215612
3 5151 515070
3 6532 653148
3 2323 232208
3 2323 232235
3 7120 711911
3 7368 736749
3 3873 387264
3 1748 174787
3 6768 676734
3 3475 347469
3 5683 568211
3 1501 150025
3 1501 150032
3 1501 150070
3 7401 740017
3 862 86196
3 5517 551609
3 5517 551647
3 7314 731341
3 7314 731359
3 7314 731370
3 3576 357553
3 5748 574718
3 5748 574797
3 5424 542312
3 4887 488699
3 1856 185528
3 1856 185529
3 4590 458968
3 4590 458975
3 169 16857
3 3176 317577
3 4752 475200
3 6767 676696
3 2921 292062
3 2921 292065
3 6625 662426
3 6625 662455
3 6261 626004
3 6261 626065
3 4710 470911
3 4710 470965
3 1974 197351
3 1695 169479
3 1695 169481
3 3575 357471
3 3548 354705
3 3972 397120
3 5159 515818
3 5159 515895
3 3813 381276
3 3306 330596
3 3425 342417
3 3425 342460
3 4830 482934
3 4830 482950
3 4830 482984
3 7738 773773
3 7738 773797
3 1421 142011
3 6702 670179
3 3371 337052
3 4845 484405
3 2126 212596
3 1896 189575
3 2541 254006
3 2541 254051
3 4945 494443
3 4945 494492
3 4945 494494
3 3529 352822
3 3529 352832
3 3529 352865
3 3529 352875
3 77 7647
3 765 76486
3 3946 394530
3 3076 307556
3 3076 307573
3 4546 454569
3 6712 671127
3 85 8420
3 85 8465
3 85 8467
3 4612 461102
3 4612 461123
3 4612 461163
3 4736 473598
3 688 68747
3 5436 543517
3 5436 543582
3 3626 362528
3 3626 362557
3 7876 787529
3 7584 758301
3 7584 758369
3 837 83642
3 4347 434619
3 4347 434626
3 5442 544117
3 1365 136429
3 4779 477877
3 4779 477891
3 6479 647837
3 6479 647854
3 5907 590605
3 5907 590628
3 6220 621922
3 6220 621934
3 2536 253597
3 1760 175948
3 7888 788706
3 7888 788723
3 7888 788724
3 7888 788747
3 7888 788759
3 677 67662
3 677 67663
3 1096 109515
3 3039 303847
3 3039 303887
3 1356 135535
3 1356 135567
3 5120 511946
3 5120 511998
3 3189 318830
3 5918 591714
3 5918 591731
3 5918 591798
3 270 26941
3 3881 388057
3 5662 566119
3 3140 313916
3 3140 313990
3 7151 715097
3 4921 492066
3 3171 317051
3 4723 472222
3 4723 472239
3 6255 625476
3 401 40016
3 401 40039
3 4115 411422
3 4115 411445
3 4115 411452
3 147 14652
3 3074 307315
3 7137 713633
3 7137 713673
3 7137 713693
3 1182 118126
3 1182 118192
3 2612 261162
3 2612 261164
3 3807 380665
3 4937 493602
3 4937 493666
3 1546 154506
3 1546 154561
3 6655 665453
3 6655 665475
3 3223 322217
3 3223 322227
3 3223 322290
3 2284 228324
3 2284 228361
3 2284 228392
3 5463 546227
3 5463 546261
3 7625 762404
3 6723 672224
3 6723 672266
3 6723 672295
3 4782 478200
3 988 98782
3 4118 411703
3 4118 411710
3 4118 411773
3 4118 411775
3 3490 348948
3 1751 175034
3 1137 113620
3 1259 125878
3 2819 281839
3 5964 596351
3 4789 478868
3 1143 114209
3 7525 752454
3 1556 155593
3 7086 708514
3 4935 493419
3 4935 493432
3 136 13513
3 136 13600
3 2122 212140
3 2122 212198
3 326 32567
3 326 32571
3 326 32575
3 326 32587
3 814 81359
3 814 81374
3 7665 766476
3 7665 766478
3 642 64164
3 5867 586662
3 5867 586667
3 5626 562507
3 3320 331936
3 3320 331981
3 2557 255614
3 2557 255651
3 2516 251519
3 7668 766759
3 7668 766767
3 2344 234316
3 2344 234327
3 7878 787713
3 7878 787724
3 7878 787775
3 6454 645326
3 7089 708863
3 1536 153501
3 6005 600417
3 6005 600452
3 3840 383948
3 1092 109141
3 1092 109183
3 2054 205323
3 2054 205362
3 2041 204061
3 2041 204074
3 3368 336792
3 3281 328032
3 3281 328072
3 6908 690713
3 6908 690752
3 6908 690755
3 6084 608315
3 6084 608345
3 6084 608348
3 6084 608378
3 7073 707234
3 860 85985
3 5080 507951
3 2713 271272
3 2713 271289
3 2713 271295
3 3037 303638
3 3037 303673
3 7930 792912
3 822 82142
3 822 82161
3 822 82182
3 3866 386524
3 5627 562661
3 6580 657967
3 5418 541738
3 5418 541774
3 5818 581796
3 278 27709
3 4288 428761
3 519 51879
3 519 51886
3 519 51889
3 7323 732244
3 4987 498663
3 4987 498684
3 2351 235074
3 7285 728441
3 7285 728457
3 3826 382552
3 4565 456422
3 4565 456461
3 6332 633157
3 6332 633163
3 6332 633180
3 3516 351545
3 3516 351594
3 3516 351597
3 6913 691219
3 6371 637010
3 1215 121457
3 5094 509314
3 4785 478478
3 5864 586336
3 5864 586380
3 2946 294520
3 1519 151804
3 1519 151811
3 1519 151834
3 1358 135754
3 1358 135780
3 1358 135797
3 1486 148595
3 6673 667273
3 6673 667287
3 1088 108708
3 1088 108757
3 1088 108777
3 7666 766588
3 5746 574504
3 7541 754006
3 2912 291149
3 2745 274448
3 2745 274450
3 7745 774410
3 6771 677100
3 4711 471035
3 6950 694977
3 168 16744
3 168 16766
3 1567 156624
3 1567 156647
3 6303 630266
3 2494 249335
3 2150 214933
3 2150 214965
3 6500 649942
3 4943 494258
3 6693 669214
3 5438 543719
3 7343 734211
3 7343 734251
3 2046 204589
3 6395 639422
3 6395 639457
3 1031 103014
3 1031 103030
3 1031 103050
3 2140 213908
3 2140 213938
3 950 94961
3 1572 157102
3 3206 320511
3 971 97007
3 6024 602329
3 6624 662320
3 6624 662360
3 1560 155960
3 7976 797567
3 5065 506451
3 5065 506463
3 5065 506481
3 3595 359412
3 5144 514346
3 5144 514393
3 3182 318162
3 6958 695750
3 6958 695791
3 6135 613476
3 1010 100921
3 1010 100968
3 1010 100998
3 1797 179677
3 1797 179696
3 7960 795927
3 7960 795941
3 4058 405785
3 2700 269996
3 6979 697827
3 3981 398018
3 3981 398072
3 6789 678898
3 4097 409696
3 7478 747800
3 4442 444177
3 4442 444183
3 4442 444197
3 2754 275329
3 1290 128912
3 1543 154269
3 5810 580941
3 3193 319201
3 2453 245258
3 2453 245287
3 471 47030
3 4487 448648
3 6587 658663
3 3889 388866
3 3889 388867
3 5165 516490
3 4543 454221
3 4543 454226
3 4543 454230
3 4543 454272
3 2832 283149
3 2832 283176
3 2069 206837
3 3990 398916
3 7805 780455
3 6641 664036
3 6641 664089
3 6707 670698
3 4265 426479
3 4108 410800
3 3321 332064
3 1498 149711
3 3528 352705
3 2710 270962
3 7934 793329
3 7934 793342
3 4207 420628
3 4207 420642
3 4207 420644
3 1877 187632
3 1877 187684
3 5490 548952
3 5490 548960
3 5490 548989
3 7863 786276
3 3294 329338
3 3294 329348
3 3294 329370
3 3408 340732
3 3408 340740
3 3408 340777
3 3408 340800
3 7126 712517
3 7126 712596
3 6082 608151
3 6082 608192
3 7441 744076
3 5840 583918
3 650 64913
3 650 64992
3 650 64999
3 5510 550962
3 1048 104749
3 1048 104797
3 3661 366013
3 1206 120536
3 5022 502155
3 452 45116
3 452 45125
3 7125 712404
3 7125 712436
3 7125 712457
3 900 89952
3 5642 564103
3 5642 564122
3 5642 564134
3 2634 263339
3 2634 263348
3 2634 263393
3 4604 460312
3 4604 460358
3 4604 460373
3 3539 353834
3 308 30769
3 7979 797810
3 7979 797811
3 6744 674342
3 6744 674385
3 5623 562282
3 6759 675801
3 6759 675855
3 7873 787265
3 7873 787293
3 7521 752029
3 7521 752068
3 2761 276095
3 5250 524919
3 5250 524991
3 5993 599270
3 5993 599273
3 7112 711113
3 5998 599792
3 562 56125
3 562 56150
3 562 56175
3 5312 531162
3 105 10443
3 1818 181710
3 1818 181755
3 7487 748603
3 7487 748647
3 2103 210217
3 2103 210239
3 2416 241512
3 723 72259
3 723 72267
3 723 72272
3 4757 475650
3 4757 475698
3 4580 457947
3 4580 457949
3 4580 457996
3 6279 627805
3 7015 701484
3 1960 195987
3 2093 209206
3 2093 209247
3 7772 777117
3 274 27349
3 274 27354
3 5089 508815
3 4466 446537
3 4466 446559
3 2065 206466
3 5858 585718
3 5858 585773
3 5858 585787
3 3686 368514
3 3686 368518
3 3686 368560
3 6079 607893
3 750 74956
3 750 74965
3 4122 412178
3 5033 503206
3 5743 574232
3 5743 574270
3 2440 243946
3 2440 243991
3 5663 566288
3 5663 566296
3 7937 793640
3 6218 621724
3 3163 316248
3 858 85756
3 6373 637262
3 7840 783957
3 7840 783965
3 1040 103907
3 1040 103930
3 1040 103964
3 7797 779649
3 6530 652946
3 6530 652968
3 6817 681665
3 6817 681684
3 1361 136027
3 1361 136047
3 1361 136078
3 3226 322584
3 478 47788
3 7950 794968
3 4861 486059
3 4861 486061
3 7828 782776
3 7828 782795
3 3203 320230
3 2958 295759
3 2958 295792
3 6396 639584
3 7895 789440
3 5782 578124
3 1011 101013
3 1011 101063
3 2696 269535
3 7880 787957
3 6029 602823
3 1389 138866
3 3584 358312
3 3584 358364
3 2845 284454
3 1869 186838
3 3791 379068
3 3798 379757
3 5114 511386
3 6019 601862
3 3610 360910
3 23 2260
3 23 2288
3 3041 304010
3 3041 304076
3 3041 304099
3 57 5607
3 4783 478224
3 4783 478300
3 2427 242640
3 4526 452566
3 4526 452596
3 2270 226921
3 2270 226986
3 2444 244343
3 2444 244352
3 2444 244392
3 6388 638796
3 1929 192836
3 5730 572960
3 5730 572961
3 5730 572996
3 3070 306965
3 5713 571202
3 6664 666306
3 6664 666383
3 1782 178189
3 2127 212683
3 2127 212688
3 5635 563473
3 6892 689136
3 2784 278364
3 651 65026
3 4296 429547
3 6994 699313
3 3929 392808
3 1066 106533
3 3836 383511
3 3836 383560
3 7354 735392
3 6052 605111
3 6052 605167
3 7389 738825
3 4476 447540
3 5081 508061
3 2027 202622
3 2027 202623
3 2335 233430
3 4733 473228
3 4733 473257
3 4733 473300
3 1419 141865
3 2233 223251
3 2286 228546
3 693 69243
3 4838 483703
3 4838 483775
3 3388 338753
3 3388 338763
3 3707 370676
3 626 62504
3 626 62579
3 626 62581
3 6046 604515
3 6046 604597
3 1777 177621
3 1777 177645
3 6197 619616
3 6197 619653
3 6197 619656
3 5799 579853
3 144 14334
3 144 14356
3 144 14393
3 4458 445702
3 4458 445783
3 544 54340
3 6157 615654
3 3505 350419
3 7558 755746
3 7558 755782
3 7374 737361
3 7527 752633
3 1455 145468
3 1455 145479
3 5097 509617
3 5097 509678
3 1453 145296
3 5281 528073
3 5281 528094
3 2403 240209
3 73 7275
3 4976 497548
3 4976 497577
3 40 3923
3 257 25624
3 257 25631
3 257 25661
3 257 25665
3 2689 268837
3 2689 268840
3 1310 130914
3 1310 130988
3 1310 131000
3 3914 391335
3 3914 391338
3 4853 485207
3 803 80288
3 7965 796404
3 7965 796416
3 5305 530456
3 5305 530464
3 7949 794843
3 5744 574320
3 5744 574344
3 5744 574357
3 5744 574379
3 672 67144
3 672 67172
3 5029 502837
3 2017 201657
3 632 63142
3 632 63177
3 5226 522591
3 7886 788530
3 1154 115361
3 869 86827
3 2932 293182
3 6833 683242
3 1792 179122
3 1792 179134
3 6379 637860
3 7130 712916
3 7130 712961
3 7130 712988
3 6754 675323
3 6754 675390
3 6423 642202
3 6423 642205
3 6423 642238
3 198 19795
3 3181 318054
3 7345 734450
3 679 67822
3 360 35922
3 360 35943
3 3444 344326
3 3444 344372
3 3704 370351
3 3704 370392
3 4770 476933
3 2583 258269
3 2583 258279
3 402 40140
3 402 40157
3 402 40175
3 3247 324676
3 432 43149
3 1279 127812
3 259 25839
3 6577 657617
3 6577 657657
3 6577 657661
3 7318 731706
3 875 87442
3 7768 776736
3 1271 127077
3 4638 463782
3 4818 481742
3 4818 481778
3 3381 338034
3 3381 338091
3 30 2967
3 5018 501723
3 7036 703587
3 3284 328349
3 3284 328379
3 5193 519240
3 7681 768015
3 7681 768028
3 7681 768033
3 7681 768053
3 6207 620619
3 6207 620657
3 2389 238834
3 2389 238894
3 1981 198037
3 4113 411221
3 6304 630316
3 7656 765525
3 6037 603613
3 6472 647124
3 6472 647171
3 1672 167161
3 1672 167189
3 7885 788441
3 7885 788461
3 6174 617327
3 6174 617338
3 6174 617350
3 6174 617360
3 36 3552
3 36 3558
3 36 3587
3 3700 369961
3 1208 120718
3 3859 385841
3 2355 235495
3 1734 173337
3 1734 173360
3 6602 660131
3 993 99251
3 7211 721061
3 1 75
3 4037 403691
3 7017 701641
3 7017 701687
3 7017 701700
3 5594 559365
3 4253 425211
3 4253 425230
3 4253 425249
3 4253 425296
3 3734 373310
3 903 90201
3 3365 336434
3 3365 336464
3 7110 710993
3 3077 307636
3 210 20909
3 210 20998
3 5272 527132
3 4035 403446
3 1497 149615
3 1497 149681
3 7232 723147
3 5772 577130
3 5772 577158
3 6436 643599
3 5751 575048
3 5751 575085
3 4834 483337
3 1345 134448
3 1345 134461
3 2721 272012
3 2721 272021
3 2721 272085
3 243 24216
3 4331 433062
3 4664 466395
3 7596 759504
3 7596 759536
3 1916 191550
3 116 11572
3 1363 136287
3 7160 715994
3 1722 172105
3 6225 622442
3 6225 622444
3 6225 622481
3 7127 712667
3 369 36853
3 4538 453756
3 3551 355095
3 1773 177285
3 6181 618065
3 5962 596102
3 5962 596129
3 901 90040
3 7123 712211
3 7123 712241
3 7123 712267
3 7380 737969
3 7861 786084
3 1539 153845
3 1539 153894
3 741 74094
3 3884 388313
3 3884 388364
3 1015 101445
3 1015 101471
3 6463 646246
3 6550 654963
3 7469 746843
3 2124 212378
3 7255 725473
3 4714 471394
3 138 13709
3 6878 687756
3 6878 687781
3 614 61340
3 2014 201351
3 7852 785147
3 4324 432354
3 4324 432373
3 4324 432376
3 4688 468703
3 4688 468745
3 4688 468794
3 3330 332917
3 3330 332992
3 6667 666624
3 6667 666662
3 6667 666690
3 826 82548
3 7569 756819
3 4626 462524
3 2675 267469
3 5396 539515
3 2280 227905
3 2348 234747
3 2348 234781
3 648 64772
3 4804 480338
3 3249 324875
3 3249 324882
3 5105 510404
3 5105 510413
3 5105 510438
3 3117 311640
3 3117 311657
3 3117 311662
3 6499 649895
3 1443 144263
3 7031 703059
3 3998 399708
3 3998 399758
3 4272 427101
3 4272 427135
3 4272 427174
3 368 36753
3 368 36786
3 4967 496609
3 7243 724257
3 2561 256008
3 6569 656862
3 1971 197021
3 1971 197067
3 7757 775692
3 4426 442586
3 4426 442590
3 7560 755946
3 5008 500761
3 102 10132
3 4362 436105
3 4362 436163
3 5361 536092
3 4469 446882
3 5557 555603
3 1420 141942
3 1420 141947
3 7698 769720
3 7698 769760
3 987 98674
3 6134 613400
3 7346 734535
3 7346 734586
3 5654 565379
3 5654 565397
3 7448 744733
3 7448 744737
3 3454 345357
3 5585 558455
3 3228 322742
3 3315 331411
3 3315 331485
3 7200 719978
3 217 21691
3 292 29140
3 4929 492814
3 4929 492864
3 576 57565
3 726 72525
3 4305 430425
3 4305 430486
3 4870 486926
3 3649 364885
3 6153 615290
3 2278 227759
3 2278 227767
3 7503 750243
3 5069 506898
3 5069 506899
3 6097 609618
3 6097 609687
3 6097 609700
3 1867 186665
3 5790 578973
3 6998 699730
3 1004 100354
3 2670 266979
3 7927 792620
3 7927 792653
3 7927 792654
3 6068 606719
3 5717 571676
3 5717 571689
3 7379 737847
3 2554 255320
3 2554 255351
3 2554 255361
3 1570 156918
3 1570 156925
3 1570 156974
3 4401 440065
3 1399 139862
3 7434 743339
3 5537 553606
3 1636 163547
3 1636 163575
3 6210 620913
3 6210 620958
3 1656 165592
3 1084 108335
3 959 95807
3 959 95811
3 1995 199497
3 5879 587819
3 5879 587870
3 4690 468935
3 6885 688466
3 54 5341
3 4576 457582
3 906 90529
3 2984 298318
3 2984 298349
3 2984 298362
3 7713 771245
3 7713 771260
3 7713 771297
3 6025 602419
3 6025 602484
3 3240 323944
3 3240 324000
3 5760 575985
3 2003 200285
3 3262 326138
3 3262 326175
3 4224 422382
3 4224 422392
3 5965 596456
3 5965 596479
3 3843 384201
3 3843 384271
3 4382 438145
3 1499 149856
3 5937 593628
3 5937 593637
3 7715 771403
3 7715 771446
3 7715 771449
3 3639 363825
3 2077 207605
3 2077 207663
3 2077 207693
3 687 68616
3 4924 492310
3 4924 492319
3 3286 328585
3 1790 178968
3 1790 178999
3 2686 268543
3 4423 442205
3 4423 442242
3 4423 442296
3 2661 266066
3 2661 266090
3 6030 602936
3 3916 391563
3 3916 391596
3 4312 431119
3 3100 309941
3 6392 639121
3 6392 639174
3 3485 348473
3 1795 179473
3 2628 262718
3 2628 262735
3 2640 263946
3 4792 479112
3 7831 783084
3 5387 538651
3 3026 302508
3 3026 302548
3 3026 302559
3 5747 574631
3 5747 574697
3 1232 123181
3 3759 375900
3 2415 241431
3 2131 213087
3 2468 246705
3 5815 581477
3 5336 533540
3 1956 195523
3 1956 195586
3 5612 561151
3 5612 561180
3 5612 561194
3 1025 102441
3 3022 302116
3 3022 302118
3 3022 302126
3 6031 603007
3 3883 388222
3 7614 761332
3 1120 111998
3 2000 199931
3 7186 718523
3 7186 718550
3 7186 718571
3 2973 297234
3 1160 115951
3 1720 171911
3 4213 421274
3 1099 109893
3 314 31324
3 314 31399
3 2714 271325
3 2714 271396
3 5521 552012
3 5521 552070
3 1195 119422
3 4933 493229
3 111 11072
3 111 11076
3 2214 221363
3 42 4145
3 4317 431649
3 4317 431694
3 4791 479075
3 1629 162879
3 6683 668268
3 6683 668289
3 5152 515104
3 353 35235
3 5839 583846
3 5839 583866
3 3975 397409
3 4311 431016
3 4304 430370
3 4304 430392
3 1723 172207
3 1723 172214
3 1723 172249
3 1723 172275
3 1382 138191
3 607 60633
3 607 60677
3 7690 768932
3 6996 699508
3 6996 699516
3 2931 293077
3 1009 100853
3 1009 100873
3 1553 155251
3 1553 155295
3 2534 253335
3 2534 253347
3 7290 728916
3 2477 247635
3 2477 247661
3 7494 749340
3 3288 328707
3 5411 541036
3 5411 541053
3 1611 161026
3 790 78941
3 790 78960
3 3658 365770
3 5130 512999
3 2589 258837
3 2589 258858
3 3911 391038
3 1996 199561
3 4760 475965
3 7658 765764
3 6372 637101
3 1681 168057
3 1681 168076
3 5132 513188
3 897 89673
3 980 97918
3 6967 696619
3 6967 696660
3 22 2120
3 22 2180
3 22 2199
3 5512 551122
3 5512 551140
3 2482 248156
3 2482 248179
3 6688 668785
3 7944 794327
3 2517 251656
3 5648 564723
3 5648 564789
3 6726 672520
3 6726 672582
3 7473 747277
3 7474 747338
3 7474 747341
3 7474 747392
3 3415 341437
3 3415 341458
3 6656 665561
3 6477 647641
3 2783 278213
3 2783 278243
3 2783 278274
3 5127 512610
3 5127 512617
3 1972 197119
3 1972 197190
3 351 35020
3 4420 441933
3 4420 441953
3 5961 596037
3 1487 148657
3 1487 148673
3 5027 502659
3 5027 502673
3 1130 112918
3 6285 628479
3 6205 620489
3 6419 641878
3 4220 421908
3 1304 130381
3 1304 130396
3 5388 538775
3 5420 541919
3 5420 541943
3 5420 541945
3 6055 605419
3 6055 605495
3 7390 738925
3 6537 653696
3 6710 670947
3 2567 256614
3 2567 256684
3 7893 789223
3 7893 789274
3 5229 522811
3 7445 744496
3 2114 211391
3 1514 151327
3 1514 151388
3 6103 610280
3 787 78633
3 2836 283513
3 7509 750851
3 5357 535627
3 5357 535642
3 5106 510514
3 5106 510586
3 1978 197778
3 1978 197788
3 1689 168806
3 7205 720405
3 6749 674885
3 7391 739076
3 7546 754522
3 7546 754543
3 7377 737659
3 2532 253146
3 2532 253170
3 2532 253174
3 2532 253186
3 3800 379903
3 3800 379911
3 7773 777294
3 3880 387933
3 4637 463601
3 4637 463610
3 4754 475309
3 6579 657854
3 6968 696736
3 6968 696797
3 7881 788030
3 4359 435845
3 6195 619446
3 3655 365453
3 2529 252868
3 2791 279056
3 6564 656345
3 2741 274057
3 4433 443289
3 3973 397224
3 2707 270607
3 2707 270625
3 2707 270660
3 2707 270679
3 7750 774968
3 2759 275826
3 2759 275898
3 7092 709103
3 3234 323384
3 4909 490860
3 1927 192618
3 4080 407945
3 4080 407980
3 7958 795754
3 3573 357260
3 3690 368913
3 3690 368925
3 3690 368980
3 6200 619907
3 6200 619964
3 6200 619966
3 6607 660644
3 6607 660689
3 5757 575601
3 1482 148129
3 1482 148161
3 6921 692046
3 6921 692050
3 2203 220216
3 2203 220253
3 2203 220254
3 5327 532620
3 5327 532681
3 4520 451981
3 6991 699045
3 6991 699099
3 3844 384309
3 3844 384332
3 3844 384373
3 4155 415467
3 6108 610702
3 293 29209
3 293 29225
3 293 29281
3 6684 668342
3 6684 668353
3 2722 272122
3 3327 332640
3 25 2416
3 25 2441
3 4236 423514
3 4236 423590
3 7173 717204
3 7173 717219
3 7173 717291
3 6923 692292
3 3559 355851
3 3559 355868
3 6063 606221
3 758 75727
3 3780 377931
3 3780 377976
3 3811 381071
3 941 94041
3 1127 112648
3 7009 700844
3 21 2074
3 7684 768338
3 3168 316777
3 5352 535102
3 5352 535166
3 7774 777340
3 2992 299165
3 7231 723007
3 3942 394144
3 3942 394156
3 113 11284
3 312 31177
3 4039 403852
3 5704 570343
3 1724 172358
3 6215 621420
3 6215 621433
3 6215 621461
3 5544 554337
3 4882 488129
3 7413 741210
3 7413 741271
3 5024 502322
3 5024 502391
3 2208 220769
3 2208 220773
3 14 1368
3 5921 592070
3 1177 117649
3 1177 117695
3 590 58981
3 2064 206398
3 5015 501495
3 1239 123873
3 3461 346080
3 2796 279560
3 4403 440208
3 5111 511033
3 3332 333153
3 3825 382405
3 3825 382500
3 2896 289503
3 7221 722051
3 6856 685565
3 6856 685571
3 6337 633625
3 5671 567072
3 5459 545850
3 6187 618618
3 3645 364491
3 3645 364499
3 1026 102564
3 2325 232402
3 2325 232416
3 2325 232469
3 2325 232480
3 2325 232490
3 4389 438813
3 7751 775021
3 7751 775054
3 6032 603188
3 6163 616263
3 6163 616275
3 2806 280581
3 3918 391716
3 1844 184338
3 1844 184360
3 4991 499083
3 4991 499100
3 4014 401332
3 4014 401387
3 4014 401400
3 3720 371955
3 7601 760044
3 4329 432821
3 1074 107352
3 1074 107355
3 1220 121976
3 6221 622077
3 1146 114590
3 6562 656103
3 6562 656198
3 3513 351221
3 7952 795156
3 2074 207351
3 2074 207374
3 3422 342130
3 3154 315399
3 7908 790749
3 7908 790781
3 4011 401009
3 7222 722130
3 3607 360622
3 159 15820
3 6935 693448
3 6935 693475
3 2730 272905
3 2730 272907
3 2887 288671
3 4232 423117
3 4232 423145
3 3669 366879
3 5451 545086
3 203 20215
3 203 20294
3 7762 776197
3 7305 730424
3 3821 382078
3 6298 629748
3 7257 725662
3 7257 725688
3 6929 692813
3 6929 692874
3 6929 692881
3 3456 345504
3 3456 345536
3 3456 345541
3 7971 797018
3 7971 797021
3 7971 797065
3 652 65147
3 652 65154
3 1993 199218
3 4508 450703
3 4508 450792
3 2649 264843
3 2649 264855
3 120 11937
3 120 11995
3 7507 750647
3 871 87021
3 871 87040
3 871 87056
3 871 87067
3 871 87099
3 1070 106980
3 5871 587034
3 5871 587079
3 7497 749668
3 4584 458384
3 4584 458389
3 4695 469438
3 4695 469465
3 4695 469481
3 3400 339962
3 4148 414721
3 4148 414770
3 4148 414772
3 4290 428929
3 4290 428960
3 5670 566910
3 5670 566971
3 5670 566983
3 5670 566996
3 1400 139918
3 1400 139950
3 1400 139970
3 6434 643316
3 6434 643318
3 6170 616904
3 2765 276418
3 2765 276476
3 2138 213758
3 192 19109
3 192 19116
3 192 19126
3 192 19135
3 192 19164
3 7537 753650
3 865 86407
3 865 86478
3 7044 704309
3 5366 536559
3 5366 536572
3 5366 536593
3 2329 232899
3 7215 721471
3 2605 260416
3 2605 260451
3 4725 472406
3 4725 472446
3 3061 306017
3 2797 279687
3 7292 729140
3 5605 560456
3 5605 560484
3 7065 706447
3 7948 794744
3 3861 386020
3 3861 386089
3 1694 169322
3 1694 169372
3 6276 627512
3 6276 627516
3 6276 627553
3 4400 439942
3 4400 440000
3 6811 681013
3 6811 681014
3 6811 681070
3 6811 681094
3 3132 313130
3 3132 313177
3 2447 244669
3 2447 244694
3 3438 343727
3 3438 343735
3 3438 343737
3 3438 343766
3 291 29079
3 5311 531015
3 5311 531050
3 638 63730
3 638 63731
3 638 63747
3 1199 119809
3 1199 119865
3 1199 119876
3 934 93306
3 934 93340
3 5836 583576
3 4165 416500
3 3254 325372
3 3254 325378
3 2439 243869
3 3148 314722
3 3148 314786
3 3987 398648
3 2243 224205
3 5955 595415
3 5955 595419
3 5955 595466
3 5824 582374
3 2770 276975
3 668 66745
3 4892 489131
3 4892 489192
3 1216 121565
3 7568 756748
3 2365 236458
3 2365 236484
3 3045 304420
3 6175 617478
3 6175 617500
3 1397 139688
3 7024 702385
3 15 1486
3 7109 710803
3 3851 385008
3 3851 385061
3 3470 346906
3 3470 346921
3 3719 371812
3 3719 371822
3 3954 395341
3 3954 395344
3 7490 748913
3 131 13010
3 6204 620380
3 6204 620399
3 5415 541447
3 7701 770064
3 5181 518016
3 5181 518069
3 6158 615788
3 3751 375032
3 1331 133029
3 1331 133076
3 5522 552148
3 3999 399815
3 3999 399889
3 1151 115070
3 4227 422620
3 7376 737553
3 7376 737582
3 7609 760852
3 7628 762729
3 7628 762757
3 7628 762786
3 1875 187406
3 1875 187418
3 1875 187424
3 7455 745416
3 7455 745434
3 1850 184931
3 1850 184979
3 50 4989
3 50 4997
3 5938 593770
3 5938 593785
3 4794 479303
3 4794 479380
3 529 52838
3 663 66231
3 663 66259
3 3841 384036
3 5274 527319
3 2758 275797
3 263 26297
3 1816 181516
3 5579 557809
3 5579 557894
3 5460 545908
3 1885 188500
3 7058 705779
3 2560 255929
3 3988 398783
3 1736 173539
3 6976 697581
3 6760 675980
3 631 63084
3 7056 705532
3 7056 705572
3 7056 705600
3 768 76774
3 1121 112075
3 1121 112084
3 3948 394767
3 7705 770415
3 7705 770467
3 3732 373137
3 1890 188930
3 1890 188957
3 1280 127932
3 1377 137614
3 3931 393014
3 1046 104564
3 2071 207084
3 4166 416505
3 4166 416532
3 4102 410134
3 6420 641973
3 4051 405099
3 5150 514976
3 5150 514994
3 4333 433202
3 4333 433271
3 230 22992
3 7963 796291
3 7280 727913
3 1209 120871
3 2705 270454
3 2312 231113
3 2312 231136
3 2312 231171
3 2672 267140
3 2672 267153
3 3355 335415
3 3355 335480
3 3355 335491
3 1458 145711
3 1458 145740
3 1458 145750
3 4117 411637
3 3463 346205
3 3463 346259
3 3463 346293
3 6087 608621
3 6087 608678
3 2764 276368
3 2764 276393
3 2764 276396
3 226 22526
3 5211 521067
3 2413 241222
3 2413 241260
3 3050 304978
3 3050 304986
3 3994 399314
3 142 14177
3 7995 799450
3 7995 799481
3 5422 542165
3 59 5846
3 5278 527722
3 5278 527762
3 5400 539907
3 5400 539932
3 5400 539945
3 5400 539960
3 5805 580403
3 5805 580477
3 5805 580493
3 1393 139269
3 1393 139275
3 1393 139298
3 7617 761637
3 7617 761683
3 7279 727877
3 4617 461688
3 4617 461697
3 7189 718832
3 5426 542559
3 1252 125163
3 4687 468654
3 4687 468678
3 3208 320701
3 3208 320725
3 3208 320754
3 7519 751803
3 7519 751806
3 7519 751825
3 4294 429334
3 4294 429395
3 4294 429399
3 7700 769934
3 1742 174187
3 2886 288579
3 3183 318300
3 4316 431532
3 4940 493920
3 4940 493951
3 1905 190434
3 3764 376386
3 696 69508
3 696 69565
3 7042 704166
3 1307 130676
3 2571 257060
3 4456 445598
3 3287 328654
3 3287 328664
3 3002 300168
3 6086 608512
3 3090 308920
3 3090 308966
3 1711 171020
3 1600 159977
3 1600 159979
3 3280 327978
3 6468 646726
3 3542 354148
3 3542 354194
3 4679 467813
3 4679 467841
3 4679 467897
3 4679 467898
3 4484 448352
3 4484 448397
3 3482 348142
3 3482 348177
3 6828 682724
3 6828 682796
3 5303 530250
3 1985 198445
3 6787 678630
3 6787 678644
3 6048 604741
3 6540 653955
3 2781 278045
3 5333 533233
3 5333 533297
3 6090 608968
3 6090 609000
3 6164 616309
3 985 98479
3 3252 325129
3 3252 325144
3 3252 325166
3 7094 709309
3 7094 709325
3 7094 709326
3 7094 709340
3 7094 709368
3 5775 577446
3 5775 577476
3 121 12004
3 595 59401
3 595 59405
3 595 59429
3 595 59453
3 595 59483
3 1626 162564
3 7638 763791
3 2511 251030
3 149 14892
3 6432 643130
3 6590 658911
3 6590 658921
3 6590 658976
3 7672 767155
3 6287 628611
3 212 21172
3 6127 612613
3 1908 190788
3 6801 680055
3 4859 485819
3 4107 410603
3 4107 410694
3 2551 255099
3 2166 216509
3 3227 322640
3 3962 396123
3 1745 174423
3 1745 174431
3 1745 174436
3 3510 350915
3 222 22145
3 2849 284852
3 2849 284863
3 560 55932
3 3129 312831
3 3129 312853
3 5221 522026
3 5404 540312
3 5404 540336
3 5404 540395
3 2288 228732
3 4187 418603
3 4187 418635
3 4187 418668
3 1788 178706
3 1788 178716
3 1788 178727
3 1788 178776
3 6489 648858
3 7204 720384
3 6818 681723
3 6818 681781
3 4441 444050
3 1000 99941
3 2890 288950
3 7328 732745
3 7081 708083
3 1813 181201
3 2051 205065
3 1589 158826
3 4519 451812
3 4519 451897
3 7635 763456
3 7865 786432
3 7865 786485
3 1691 169021
3 1134 113362
3 1134 113382
3 1296 129594
3 1332 133199
3 5689 568802
3 5689 568854
3 7249 724840
3 7249 724900
3 4774 477353
3 4774 477395
3 1494 149320
3 3855 385494
3 1212 121194
3 3178 317751
3 3178 317782
3 3178 317785
3 5763 576280
3 777 77687
3 7938 793754
3 7938 793774
3 2178 217729
3 2178 217744
3 2361 236019
3 2361 236027
3 1235 123414
3 1235 123428
3 5536 553582
3 5536 553583
3 6792 679149
3 358 35716
3 7172 717106
3 6917 691684
3 417 41629
3 6466 646589
3 3114 311327
3 4551 455054
3 4551 455098
3 2830 282906
3 6835 683437
3 6699 669833
3 4293 429291
3 5828 582769
3 4377 437605
3 4377 437623
3 4377 437675
3 4377 437684
3 434 43345
3 3997 399668
3 3897 389660
3 1357 135601
3 1357 135622
3 1357 135662
3 2277 227632
3 7991 799005
3 3554 355374
3 3554 355398
3 227 22613
3 227 22625
3 2161 216023
3 2161 216070
3 2161 216099
3 6126 612539
3 6126 612591
3 28 2715
3 28 2779
3 423 42235
3 423 42294
3 3588 358782
3 7201 720022
3 7201 720048
3 1253 125255
3 1253 125269
3 3185 318420
3 3185 318452
3 3185 318469
3 7600 759943
3 6451 645056
3 2882 288148
3 5428 542718
3 5059 505871
3 6184 618359
3 6184 618397
3 2842 284137
3 2842 284182
3 7589 758878
3 7589 758887
3 7589 758890
3 5532 553118
3 4742 474142
3 4742 474169
3 2336 233544
3 3762 376129
3 3762 376180
3 2639 263877
3 7729 772807
3 7729 772825
3 2306 230514
3 5083 508220
3 5375 537415
3 5375 537472
3 598 59736
3 6183 618214
3 6385 638482
3 2936 293514
3 2936 293583
3 2936 293590
3 3603 360273
3 5872 587158
3 5872 587186
3 1510 150940
3 3393 339237
3 3233 323210
3 3233 323280
3 694 69330
3 694 69355
3 3451 345003
3 3451 345055
3 3705 370433
3 3705 370491
3 3646 364595
3 3646 364599
3 6551 655062
3 6551 655075
3 279 27883
3 2023 202226
3 829 82838
3 1541 154007
3 1541 154065
3 5295 529467
3 5295 529485
3 5295 529493
3 2978 297767
3 4170 416930
3 2066 206551
3 3006 300527
3 3006 300581
3 3006 300589
3 7565 756480
3 7565 756488
3 3722 372101
3 3722 372109
3 3722 372198
3 1115 111402
3 4416 441572
3 2349 234888
3 2231 223056
3 524 52315
3 6805 680478
3 4363 436276
3 2572 257133
3 7651 765096
3 2940 293972
3 3084 308359
3 4831 483061
3 5104 510359
3 5766 576589
3 4158 415772
3 5427 542663
3 4286 428514
3 563 56222
3 7536 753542
3 7536 753580
3 5558 555783
3 5558 555790
3 2305 230424
3 2305 230479
3 1461 146032
3 1461 146061
3 1938 193747
3 1938 193759
3 3096 309527
3 4264 426351
3 1682 168146
3 6254 625338
3 6254 625392
3 5838 583703
3 1583 158259
3 7969 796837
3 7969 796838
3 7969 796873
3 3837 383671
3 541 54052
3 541 54060
3 541 54073
3 5737 573632
3 5737 573658
3 5737 573677
3 2909 290802
3 2909 290839
3 2909 290847
3 5987 598617
3 4596 459518
3 4596 459539
3 7727 772692
3 3389 338818
3 3389 338895
3 1596 159599
3 484 48335
3 5136 513574
3 5136 513589
3 5191 519066
3 2470 246974
3 3468 346731
3 1451 145009
3 7686 768521
3 3862 386121
3 3862 386143
3 4610 460931
3 7835 783498
3 3056 305504
3 3056 305575
3 3056 305581
3 4090 408987
3 4969 496801
3 4969 496861
3 4969 496876
3 7014 701345
3 6612 661148
3 6612 661168
3 6612 661184
3 1832 183122
3 5916 591520
3 5916 591589
3 3506 350503
3 2507 250673
3 1753 175293
3 2366 236522
3 1806 180591
3 2383 238201
3 2383 238288
3 3930 392950
3 3930 392984
3 4040 403931
3 5714 571357
3 5297 529699
3 7897 789617
3 2692 269166
3 5454 545333
3 5454 545346
3 2 166
3 2893 289223
3 2893 289285
3 5186 518580
3 753 75226
3 753 75237
3 4732 473117
3 4732 473141
3 4372 437187
3 4281 428053
3 5898 589771
3 7836 783592
3 2384 238342
3 400 39990
3 400 39996
3 4840 483938
3 4840 483951
3 4673 467280
3 5035 503421
3 5035 503454
3 6065 606428
3 3621 362020
3 6369 636862
3 7790 778906
3 7790 778928
3 371 37044
3 371 37085
3 4361 436028
3 4361 436078
3 754 75329
3 4624 462323
3 128 12711
3 7251 725084
3 573 57235
3 1959 195817
3 1959 195823
3 1959 195894
3 4470 447000
3 4020 401905
3 7229 722893
3 3574 357330
3 6021 602031
3 6021 602090
3 1087 108610
3 1087 108700
3 3631 363044
3 3933 393262
3 3933 393294
3 4222 422104
3 5653 565247
3 5653 565278
3 4928 492704
3 4928 492765
3 1835 183416
3 1835 183449
3 1835 183462
3 1113 111232
3 5071 507028
3 6701 670009
3 5707 570633
3 89 8858
3 5665 566409
3 429 42827
3 2102 210101
3 2102 210162
3 2102 210177
3 5561 556040
3 5561 556084
3 3790 378903
3 6757 675690
3 2537 253615
3 791 79051
3 1775 177430
3 167 16651
3 167 16690
3 1910 190961
3 2802 280105
3 2802 280118
3 2802 280197
3 5075 507460
3 3160 315946
3 3160 315968
3 919 91831
3 2095 209418
3 7418 741717
3 7418 741729
3 7418 741792
3 1162 116129
3 570 56930
3 2460 245908
3 2460 245998
3 3652 365125
3 3652 365131
3 464 46377
3 464 46383
3 3047 304638
3 3047 304661
3 3543 354221
3 3543 354230
3 3543 354281
3 5845 584476
3 3769 376845
3 5233 523221
3 3853 385286
3 7808 780728
3 7808 780791
3 7643 764287
3 2162 216145
3 2812 281174
3 7571 757019
3 4989 498823
3 1136 113577
3 1726 172528
3 6964 696358
3 6964 696392
3 2301 230001
3 2301 230060
3 2301 230088
3 546 54515
3 2060 205921
3 7268 726789
3 4356 435531
3 738 73719
3 6028 602763
3 4705 470467
3 3302 330108
3 3302 330165
3 5554 555364
3 843 84216
3 843 84292
3 313 31236
3 780 77952
3 780 77988
3 2918 291746
3 2025 202409
3 2025 202463
3 4083 408217
3 1326 132513
3 3794 379320
3 7365 736440
3 7365 736450
3 5203 520233
3 5203 520234
3 5203 520252
3 5203 520300
3 4030 402941
3 4030 402951
3 2354 235317
3 2354 235356
3 7534 753375
3 5835 583434
3 5835 583449
3 1124 112385
3 1124 112394
3 1118 111754
3 1118 111778
3 4700 469921
3 4535 453418
3 4215 421419
3 5429 542857
3 4145 414454
3 4145 414475
3 4145 414497
3 7233 723217
3 5759 575841
3 466 46561
3 466 46578
3 6403 640239
3 6403 640263
3 7195 719452
3 866 86554
3 866 86577
3 3721 372002
3 3721 372083
3 7461 746011
3 7461 746021
3 2215 221470
3 3215 321487
3 3319 331871
3 4708 470771
3 6283 628279
3 6887 688645
3 6887 688686
3 6741 674006
3 6741 674062
3 1913 191246
3 1913 191279
3 5795 579446
3 5795 579493
3 7631 763029
3 3265 326482
3 6178 617752
3 6115 611471
3 6115 611483
3 337 33680
3 337 33684
3 51 5043
3 51 5070
3 6494 649349
3 6494 649367
3 6494 649368
3 5909 590838
3 5909 590844
3 5552 555149
3 5552 555160
3 5496 549531
3 5496 549543
3 977 97652
3 977 97661
3 6668 666767
3 6992 699181
3 2772 277138
3 7404 740335
3 7749 774854
3 5320 531946
3 5320 531951
3 5320 531954
3 1030 102931
3 1030 102999
3 2441 244028
3 1383 138214
3 3348 334721
3 5592 559189
3 7554 755354
3 7554 755396
3 3296 329546
3 2645 264464
3 2645 264468
3 56 5510
3 7264 726346
3 7264 726371
3 2186 218502
3 2186 218523
3 2186 218552
3 2792 279165
3 2609 260811
3 3166 316545
3 3166 316552
3 3166 316557
3 6930 692936
3 6930 692981
3 2379 237869
3 3979 397879
3 4985 498429
3 4985 498465
3 6560 655913
3 6560 655916
3 6560 655933
3 6560 655949
3 6560 655982
3 1897 189601
3 2878 287735
3 2878 287736
3 7462 746129
3 7462 746169
3 7462 746200
3 2971 297024
3 4534 453334
3 4534 453373
3 7621 762051
3 4452 445129
3 514 51337
3 514 51349
3 514 51399
3 1619 161881
3 4488 448740
3 320 31978
3 6452 645136
3 7555 755428
3 1852 185163
3 7785 778412
3 4698 469773
3 175 17416
3 175 17445
3 175 17480
3 173 17262
3 7884 788318
3 7884 788352
3 1460 145954
3 2343 234245
3 2343 234282
3 2248 224707
3 2248 224716
3 2248 224774
3 518 51701
3 7304 730372
3 7304 730398
3 6242 624171
3 1152 115144
3 6141 614043
3 6141 614044
3 5423 542204
3 5423 542226
3 5941 594067
3 2265 226463
3 2977 297629
3 2185 218429
3 2185 218433
3 2185 218482
3 7242 724161
3 1575 157425
3 4171 417018
3 1135 113476
3 2152 215168
3 3864 386314
3 3864 386350
3 6474 647371
3 5197 519645
3 2209 220864
3 2879 287865
3 4574 457379
3 409 40860
3 2183 218219
3 256 25502
3 4346 434515
3 4346 434544
3 7238 723797
3 4555 455411
3 4555 455419
3 3630 362930
3 746 74535
3 1563 156227
3 1563 156283
3 6815 681434
3 5039 503839
3 5039 503889
3 3850 384913
3 379 37801
3 1861 186022
3 1861 186099
3 5135 513471
3 719 71835
3 719 71889
3 719 71898
3 5842 584113
3 7274 727317
3 7274 727394
3 618 61706
3 442 44119
3 4287 428668
3 5742 574164
3 5441 544077
3 4459 445813
3 4459 445820
3 2249 224820
3 16 1510
3 2729 272880
3 1968 196749
3 1968 196779
3 4463 446296
3 5231 523005
3 5231 523039
3 835 83420
3 3443 344212
3 7286 728581
3 1847 184614
3 1847 184649
3 1847 184692
3 608 60783
3 7540 753959
3 1648 164761
3 5994 599338
3 5994 599376
3 2848 284749
3 2848 284798
3 1601 160019
3 1601 160041
3 5629 562872
3 4480 447966
3 1923 192211
3 3394 339348
3 975 97404
3 422 42121
3 2159 215835
3 2159 215857
3 2619 261811
3 2619 261841
3 3289 328813
3 2316 231594
3 7843 784275
3 702 70150
3 6875 687413
3 6834 683367
3 3761 376022
3 3761 376092
3 5402 540120
3 3951 395022
3 3951 395042
3 3951 395064
3 3951 395084
3 6222 622115
3 6891 689073
3 7362 736117
3 6739 673805
3 6739 673862
3 6739 673891
3 5435 543438
3 5886 588559
3 4847 484616
3 4847 484656
3 4847 484680
3 6335 633405
3 4139 413881
3 1093 109202
3 1093 109268
3 7650 764916
3 7650 764946
3 7650 764996
3 3145 314446
3 2010 200978
3 4478 447731
3 6862 686158
3 1480 147969
3 1480 147999
3 5299 529840
3 4126 412538
3 4126 412589
3 794 79375
3 794 79398
3 4497 449630
3 1787 178604
3 1787 178683
3 5470 546909
3 5470 546952
3 4157 415642
3 4157 415665
3 1590 158933
3 7874 787347
3 186 18535
3 186 18587
3 1951 195076
3 6483 648205
3 6483 648216
3 6483 648225
3 6483 648235
3 84 8307
3 84 8317
3 84 8397
3 5072 507127
3 5572 557175
3 5609 560823
3 1149 114860
3 1149 114870
3 3625 362431
3 3625 362442
3 485 48447
3 485 48460
3 4629 462809
3 4629 462833
3 4629 462891
3 6359 635843
3 7033 703216
3 1661 166048
3 1661 166053
3 7870 786968
3 7870 786985
3 7981 798004
3 7981 798065
3 7981 798099
3 6582 658123
3 6273 627209
3 6273 627230
3 6273 627263
3 5236 523560
3 6534 653326
3 6534 653399
3 1649 164837
3 1649 164889
3 7199 719824
3 4248 424794
3 373 37236
3 373 37275
3 3312 331122
3 3312 331172
3 3472 347157
3 7355 735478
3 7080 707926
3 2910 290973
3 7182 718173
3 7182 718200
3 5901 590065
3 7557 755601
3 2588 258706
3 2588 258722
3 6445 644497
3 2877 287696
3 6428 642745
3 6428 642752
3 6594 659369
3 3924 392312
3 3924 392379
3 6698 669737
3 6698 669749
3 7148 714753
3 7148 714789
3 4178 417729
3 4910 490972
3 7444 744385
3 1295 129427
3 1295 129439
3 1429 142810
3 1429 142852
3 4635 463405
3 4635 463494
3 4635 463496
3 2985 298427
3 272 27150
3 272 27170
3 1979 197892
3 4380 437916
3 7366 736524
3 4579 457836
3 2665 266463
3 2820 281950
3 2820 281974
3 4481 448059
3 4481 448063
3 4481 448089
3 7966 796511
3 6922 692102
3 6922 692130
3 729 72821
3 729 72832
3 26 2576
3 2998 299714
3 2998 299737
3 5461 546057
3 583 58287
3 3057 305650
3 4177 417691
3 156 15514
3 7400 739902
3 7400 739980
3 1866 186530
3 1866 186564
3 1866 186594
3 7788 778741
3 7788 778784
3 7964 796327
3 7964 796389
3 7964 796392
3 6713 671202
3 6713 671232
3 6713 671249
3 1698 169719
3 1698 169736
3 5638 563712
3 5638 563793
3 6806 680569
3 4031 403030
3 4031 403055
3 4031 403083
3 917 91607
3 917 91630
3 917 91637
3 744 74351
3 2241 224023
3 4832 483113
3 2756 275504
3 3370 336923
3 3370 336931
3 3370 336935
3 3062 306187
3 7078 707728
3 7078 707733
3 7078 707772
3 7078 707788
3 1388 138744
3 4675 467452
3 5219 521808
3 5219 521850
3 4091 409093
3 3683 368211
3 3683 368290
3 5833 583249
3 5833 583296
3 7706 770583
3 2495 249448
3 2495 249490
3 4560 455915
3 4560 455944
3 398 39730
3 398 39755
3 204 20379
3 6689 668896
3 296 29597
3 7038 703763
3 603 60229
3 890 88913
3 890 88915
3 890 88954
3 5984 598337
3 4871 487001
3 4871 487047
3 5706 570535
3 1728 172703
3 1728 172786
3 556 55501
3 6649 664812
3 6649 664862
3 6649 664876
3 2630 262909
3 2630 262983
3 2105 210409
3 1719 171857
3 4947 494634
3 4947 494639
3 4872 487111
3 4872 487168
3 4599 459809
3 4599 459881
3 5195 519405
3 5195 519475
3 130 12917
3 130 12993
3 2540 253987
3 6217 621680
3 5000 499962
3 5000 499975
3 4109 410842
3 4109 410848
3 4658 465746
3 4658 465751
3 2448 244711
3 2448 244740
3 2448 244761
3 7135 713444
3 5241 524043
3 5241 524054
3 5241 524092
3 5241 524093
3 6776 677520
3 1780 177989
3 1780 178000
3 6112 611107
3 7655 765435
3 1574 157389
3 7088 708775
3 7088 708783
3 1123 112233
3 3179 317818
3 3179 317833
3 3040 303936
3 3040 303995
3 3923 392235
3 3593 359205
3 2876 287522
3 2876 287551
3 789 78847
3 789 78855
3 1785 178405
3 1785 178435
3 1027 102608
3 1027 102611
3 7894 789328
3 7894 789348
3 7894 789380
3 4978 497774
3 4018 401722
3 4018 401781
3 7004 700333
3 7004 700343
3 6819 681882
3 6453 645262
3 4724 472304
3 4724 472358
3 4715 471437
3 6735 673419
3 6475 647471
3 6475 647486
3 4184 418336
3 4184 418348
3 4184 418396
3 3666 366512
3 3666 366579
3 1678 167778
3 3692 369197
3 3271 327085
3 1479 147879
3 7011 701029
3 7011 701032
3 2599 259899
3 5199 519804
3 2088 208725
3 2742 274115
3 2742 274139
3 2804 280352
3 7592 759111
3 6831 683051
3 6831 683080
3 7002 700190
3 2118 211783
3 6672 667185
3 517 51601
3 517 51617
3 5679 567873
3 5679 567896
3 6322 632153
3 7358 735797
3 7512 751104
3 5843 584211
3 5843 584227
3 3465 346452
3 5321 532013
3 5003 500287
3 7427 742699
3 7860 785929
3 7860 785991
3 7720 771947
3 1493 149220
3 1493 149275
3 1684 168317
3 1684 168350
3 7920 791987
3 7817 781622
3 7817 781657
3 7817 781684
3 2522 252106
3 2522 252136
3 4525 452412
3 5489 548867
3 5489 548886
3 731 73067
3 2171 217084
3 7386 738565
3 1298 129735
3 3316 331503
3 3316 331525
3 7567 756639
3 1291 129005
3 1291 129097
3 4671 467035
3 5260 525943
3 5260 525978
3 7356 735515
3 5084 508358
3 5084 508378
3 6616 661503
3 4644 464324
3 4644 464399
3 1049 104872
3 1049 104894
3 7677 767626
3 7677 767690
3 1887 188605
3 6469 646803
3 6469 646804
3 6469 646864
3 3094 309315
3 3094 309321
3 1147 114615
3 1147 114627
3 439 43811
3 439 43842
3 6011 601014
3 6011 601085
3 1921 192024
3 2187 218613
3 4437 443632
3 6880 687967
3 3737 373654
3 3737 373670
3 2785 278445
3 2785 278498
3 5900 589985
3 4750 474954
3 5367 536614
3 5367 536696
3 5339 533852
3 5339 533873
3 4002 400144
3 581 58036
3 5284 528310
3 5284 528350
3 4440 443914
3 5302 530134
3 1273 127287
3 4225 422466
3 1982 198158
3 1982 198160
3 1425 142422
3 1425 142498
3 5606 560546
3 19 1867
3 6180 617915
3 6180 617931
3 6180 617954
3 6078 607788
3 6078 607790
3 6595 659492
3 6932 693182
3 7496 749503
3 5067 506614
3 5067 506626
3 5067 506691
3 1468 146704
3 1018 101729
3 1018 101784
3 5085 508465
3 747 74659
3 5206 520549
3 3411 341007
3 3411 341070
3 3411 341089
3 908 90768
3 1628 162730
3 1628 162732
3 2107 210631
3 5613 561226
3 5613 561234
3 615 61409
3 615 61417
3 3324 332352
3 821 82007
3 821 82019
3 821 82047
3 821 82096
3 4004 400329
3 4712 471181
3 4114 411305
3 4114 411327
3 4114 411396
3 343 34287
3 235 23446
3 235 23455
3 235 23475
3 2923 292222
3 2923 292257
3 7394 739353
3 545 54454
3 545 54460
3 775 77426
3 1375 137465
3 1375 137485
3 4385 438426
3 4182 418156
3 7906 790576
3 7906 790582
3 1339 133845
3 6230 622925
3 3832 383135
3 3832 383152
3 492 49135
3 492 49151
3 492 49180
3 492 49191
3 75 7424
3 4340 433923
3 4340 433925
3 4340 433969
3 1432 143112
3 1432 143185
3 1862 186186
3 1862 186198
3 3569 356878
3 4328 432727
3 4328 432752
3 6737 673604
3 3325 332433
3 3325 332454
3 3325 332462
3 3325 332494
3 1903 190260
3 1903 190295
3 2867 286633
3 2867 286642
3 6890 688920
3 6890 688965
3 5138 513766
3 715 71426
3 4019 401802
3 4019 401892
3 2079 207813
3 6250 624929
3 6250 624932
3 6250 624975
3 6250 624978
3 4345 434424
3 4345 434484
3 5784 578356
3 5784 578361
3 961 96005
3 961 96046
3 961 96064
3 961 96087
3 1091 109085
3 2281 228044
3 2281 228061
3 7824 782391
3 4203 420228
3 5876 587506
3 5529 552828
3 610 60913
3 5253 525263
3 5253 525277
3 5253 525278
3 2846 284533
3 7210 720999
3 864 86319
3 4758 475760
3 5462 546130
3 5659 565822
3 5659 565877
3 5659 565883
3 4129 412825
3 7407 740650
3 7407 740683
3 6830 682960
3 6830 682992
3 6778 677755
3 6778 677793
3 6083 608291
3 4147 414647
3 2380 237930
3 5385 538403
3 817 81617
3 817 81669
3 7520 751958
3 1958 195715
3 1958 195734
3 1958 195780
3 1958 195799
3 6364 636365
3 479 47833
3 956 95507
3 1059 105860
3 3272 327158
3 4475 447473
3 5049 504830
3 4677 467653
3 4677 467662
3 2031 203021
3 2031 203091
3 7595 759491
3 6496 649541
3 6496 649551
3 506 50559
3 4511 451004
3 4053 405258
3 6166 616564
3 5893 589240
3 1467 146679
3 4383 438263
3 2907 290627
3 2907 290686
3 6842 684130
3 5264 526367
3 2786 278514
3 2485 248479
3 528 52711
3 528 52757
3 2464 246372
3 4509 450827
3 3384 338321
3 3384 338325
3 3384 338384
3 6999 699878
3 1355 135465
3 1355 135467
3 5323 532275
3 1765 176407
3 6327 632617
3 2022 202103
3 5802 580125
3 5802 580138
3 5802 580184
3 2647 264699
3 6874 687376
3 4955 495408
3 4955 495432
3 4955 495462
3 4955 495465
3 2702 270120
3 2702 270198
3 1895 189421
3 1895 189451
3 3200 319979
3 3200 319980
3 7307 730617
3 7307 730647
3 7307 730659
3 7307 730690
3 5335 533429
3 2875 287420
3 2875 287444
3 397 39605
3 397 39658
3 397 39695
3 3823 382244
3 6259 625843
3 5269 526856
3 5269 526871
3 1471 147067
3 6545 654412
3 6545 654439
3 2401 240003
3 2401 240015
3 2401 240075
3 974 97336
3 974 97362
3 4963 496203
3 4963 496300
3 165 16450
3 7704 770308
3 7704 770323
3 7704 770337
3 1634 163345
3 2544 254312
3 601 60088
3 7694 769317
3 5574 557371
3 5574 557385
3 5574 557393
3 505 50419
3 505 50424
3 505 50446
3 505 50471
3 5584 558386
3 1815 181478
3 472 47176
3 1699 169852
3 5801 580010
3 7063 706251
3 7063 706283
3 1949 194857
3 7953 795267
3 6544 654389
3 4899 489873
3 7104 710322
3 7104 710368
3 3560 355924
3 3051 305087
3 2610 260988
3 3031 303050
3 3031 303086
3 7871 787092
3 707 70670
3 3005 300494
3 5765 576423
3 5765 576465
3 7157 715664
3 7157 715685
3 3928 392739
3 3928 392749
3 2198 219753
3 2198 219796
3 2173 217221
3 2173 217254
3 4692 469164
3 5749 574820
3 5749 574896
3 5678 567744
3 5678 567752
3 7902 790148
3 7902 790169
3 2627 262638
3 2627 262659
3 7956 795515
3 7956 795563
3 6717 671638
3 150 14904
3 6486 648513
3 3120 311944
3 3120 311987
3 225 22447
3 4450 444959
3 4450 444969
3 3435 343436
3 3435 343478
3 6414 641326
3 6414 641393
3 2682 268113
3 2682 268142
3 1664 166366
3 7019 701812
3 7019 701866
3 2591 259087
3 2914 291301
3 3323 332285
3 5103 510235
3 5103 510261
3 5103 510291
3 5647 564602
3 5647 564659
3 2582 258105
3 4271 427017
3 4271 427086
3 1632 163124
3 1632 163131
3 1621 162032
3 1621 162077
3 1404 140311
3 1404 140376
3 6845 684467
3 1410 140990
3 127 12670
3 5699 569820
3 5699 569840
3 5699 569870
3 2165 216484
3 3033 303218
3 3839 383871
3 1076 107507
3 1076 107585
3 1598 159716
3 2137 213672
3 3891 389087
3 6854 685343
3 3824 382398
3 7143 714266
3 4915 491431
3 861 86021
3 861 86026
3 861 86078
3 117 11675
3 4078 407732
3 6889 688832
3 6889 688897
3 2425 242437
3 2425 242483
3 4602 460126
3 4602 460160
3 6993 699282
3 4105 410468
3 4105 410473
3 4105 410486
3 2962 296101
3 6871 687064
3 6871 687090
3 4961 496043
3 6116 611547
3 7513 751202
3 7513 751225
3 7513 751259
3 7513 751272
3 2927 292686
3 2927 292694
3 5542 554119
3 5542 554142
3 5542 554149
3 6515 651479
3 5174 517396
3 7297 729684
3 7297 729686
3 7297 729695
3 4988 498711
3 4988 498725
3 4988 498776
3 6142 614168
3 6142 614174
3 5401 540056
3 4919 491835
3 5372 537169
3 7780 777906
3 7780 777963
3 2989 298844
3 2989 298851
3 2989 298886
3 7827 782662
3 7440 743957
3 7440 743998
3 7999 799853
3 7999 799858
3 7748 774763
3 4642 464107
3 4079 407896
3 4694 469354
3 896 89574
3 5348 534709
3 5348 534714
3 5348 534717
3 5348 534773
3 6133 613269
3 2032 203175
3 2476 247514
3 2476 247520
3 885 88420
3 885 88499
3 2959 295842
3 3137 313665
3 3137 313683
3 317 31638
3 5073 507243
3 5073 507245
3 7068 706730
3 7068 706773
3 5957 595647
3 5957 595682
3 6752 675143
3 3878 387711
3 3878 387735
3 7246 724523
3 6782 678148
3 6782 678192
3 940 93929
3 940 93952
3 940 93953
3 940 93978
3 3545 354466
3 7382 738107
3 3121 312041
3 2885 288466
3 261 26063
3 749 74813
3 749 74833
3 4322 432129
3 297 29697
3 2881 288009
3 307 30628
3 307 30643
3 7045 704446
3 4874 487387
3 7689 768829
3 7946 794546
3 7946 794551
3 7946 794553
3 7946 794583
3 6584 658332
3 5701 570051
3 4734 473359
3 4734 473390
3 5559 555814
3 5559 555847
3 4309 430846
3 7025 702409
3 7025 702460
3 4048 404706
3 4048 404759
3 2573 257216
3 2573 257222
3 3717 371616
3 6900 689903
3 6900 689979
3 7671 767086
3 4959 495888
3 1717 171646
3 1717 171684
3 3001 300061
3 4391 439032
3 6513 651211
3 2902 290151
3 2902 290155
3 2902 290199
3 2090 208924
3 3682 368136
3 3682 368185
3 5896 589543
3 378 37791
3 1369 136885
3 4704 470389
3 2840 283929
3 7446 744511
3 3693 369244
3 3693 369265
3 7485 748457
3 7485 748477
3 7485 748491
3 7604 760349
3 2547 254627
3 2547 254636
3 658 65768
3 658 65778
3 7810 780961
3 5056 505553
3 5056 505575
3 4068 406776
3 6677 667642
3 6677 667648
3 7027 702622
3 4323 432212
3 4323 432275
3 7585 758411
3 7585 758450
3 7585 758457
3 5249 524837
3 5173 517201
3 5173 517299
3 4503 450219
3 4816 481557
3 7141 714001
3 6482 648135
3 6482 648148
3 6570 656903
3 6570 656985
3 2826 282521
3 2826 282547
3 7968 796705
3 7968 796722
3 7968 796747
3 6975 697495
3 4666 466541
3 5412 541116
3 7431 743047
3 7431 743050
3 2838 283759
3 4395 439425
3 569 56802
3 569 56862
3 569 56894
3 5480 547918
3 6389 638896
3 2987 298613
3 2987 298624
3 2987 298627
3 2987 298635
3 2987 298676
3 6855 685445
3 7329 732828
3 6503 650251
3 3268 326756
3 3268 326766
3 5465 546434
3 5465 546494
3 2478 247798
3 1447 144632
3 1447 144659
3 5841 584007
3 7735 773438
3 6745 674410
3 2201 220056
3 2096 209587
3 4784 478307
3 4784 478308
3 4261 426096
3 4890 488985
3 4890 488997
3 7905 790427
3 497 49698
3 6169 616840
3 6169 616866
3 1766 176597
3 5797 579689
3 4335 433482
3 5566 556530
3 5566 556551
3 6848 684710
3 6848 684743
3 4131 413096
3 7301 730035
3 7301 730048
3 3874 387309
3 3874 387347
3 1445 144444
3 4153 415275
3 135 13467
3 2205 220486
3 7429 742815
3 1038 103732
3 1789 178812
3 2600 259921
3 5943 594201
3 3300 329961
3 7032 703174
3 4686 468600
3 6970 696977
3 6970 696980
3 2911 291082
3 2911 291100
3 7106 710589
3 7106 710595
3 2490 248910
3 2490 248972
3 5025 502493
3 1676 167529
3 6724 672374
3 4974 497304
3 4974 497319
3 4974 497322
3 4267 426657
3 4267 426676
3 4267 426700
3 3258 325728
3 3258 325745
3 2711 271058
3 5291 529055
3 4843 484246
3 4843 484294
3 3010 300982
3 3123 312223
3 3123 312251
3 3123 312284
3 7734 773327
3 7734 773336
3 7734 773341
3 5682 568110
3 5682 568166
3 5682 568185
3 5682 568189
3 2398 239754
3 2398 239763
3 2398 239789
3 2837 283640
3 2837 283699
3 405 40441
3 2056 205513
3 2056 205515
3 2056 205572
3 2480 247909
3 3230 322933
3 3230 322953
3 3230 322988
3 673 67206
3 5563 556208
3 5563 556253
3 5563 556268
3 5563 556300
3 571 57007
3 571 57046
3 571 57051
3 7190 718949
3 3985 398417
3 516 51572
3 516 51577
3 1126 112524
3 1126 112571
3 7761 776069
3 3054 305349
3 1053 105215
3 1053 105235
3 997 99621
3 997 99662
3 4542 454193
3 1128 112775
3 5254 525372
3 3218 321765
3 3218 321783
3 2929 292871
3 5157 515601
3 1558 155787
3 3297 329622
3 5492 549193
3 7992 799129
3 446 44516
3 6246 624517
3 6246 624600
3 4557 455667
3 5270 526997
3 11 1071
3 4010 400961
3 2868 286705
3 2868 286706
3 2324 232315
3 1918 191797
3 4868 486768
3 6896 689542
3 7192 719122
3 4884 488312
3 5785 578459
3 5785 578486
3 2076 207529
3 2076 207540
3 3711 371003
3 3711 371034
3 1624 162364
3 1624 162396
3 7129 712892
3 7129 712893
3 7129 712900
3 6417 641605
3 6417 641648
3 6417 641674
3 4386 438520
3 4386 438593
3 3818 381729
3 3818 381762
3 2631 263047
3 6766 676544
3 6766 676551
3 6766 676554
3 6766 676576
3 3515 351460
3 3515 351485
3 4640 463947
3 1702 170104
3 6462 646193
3 6415 641418
3 6415 641452
3 6415 641463
3 5307 530636
3 2715 271461
3 2715 271462
3 2715 271466
3 6213 621221
3 6213 621235
3 6213 621236
3 6213 621244
3 5857 585678
3 4807 480672
3 793 79205
3 793 79231
3 793 79265
3 7649 764845
3 798 79748
3 798 79784
3 1756 175517
3 1756 175574
3 5445 544403
3 6956 695501
3 6956 695518
3 6956 695540
3 5350 534956
3 5350 534979
3 396 39515
3 396 39548
3 6193 619288
3 6980 697978
3 5279 527813
3 5279 527818
3 812 81171
3 6351 635044
3 2421 242080
3 5519 551839
3 2434 243306
3 2434 243346
3 2434 243383
3 1654 165307
3 1654 165324
3 6865 686434
3 3009 300847
3 6188 618752
3 4821 482045
3 1926 192561
3 2633 263236
3 6323 632225
3 6323 632260
3 6323 632278
3 5555 555402
3 5555 555444
3 5555 555455
3 5555 555477
3 1274 127345
3 1274 127371
3 3282 328126
3 3055 305422
3 1157 115678
3 4375 437414
3 5318 531776
3 1868 186725
3 1868 186730
3 4942 494114
3 4942 494117
3 2974 297344
3 6281 628010
3 6281 628012
3 6281 628015
3 6281 628056
3 1065 106429
3 1065 106462
3 1065 106471
3 7866 786549
3 3600 359903
3 3600 359915
3 6374 637312
3 6374 637316
3 6374 637366
3 7904 790368
3 1710 170946
3 6780 677963
3 4746 474503
3 4746 474533
3 4746 474574
3 3617 361601
3 3617 361695
3 1016 101540
3 1016 101595
3 1016 101599
3 895 89472
3 4445 444452
3 4445 444456
3 7428 742711
3 7428 742721
3 1576 157578
3 5567 556680
3 5448 544713
3 5448 544749
3 5448 544750
3 5448 544764
3 5448 544777
3 5448 544780
3 4367 436671
3 4367 436681
3 4367 436700
3 1727 172608
3 1727 172625
3 3738 373716
3 2191 219021
3 2191 219048
3 1865 186458
3 1865 186495
3 4199 419818
3 4199 419868
3 4199 419899
3 176 17558
3 4888 488704
3 5251 525073
3 6651 665095
3 316 31509
3 1901 190009
3 1901 190036
3 1901 190093
3 3804 380392
3 5513 551222
3 6192 619124
3 6192 619146
3 447 44687
3 3453 345296
3 6161 616061
3 4837 483630
3 4837 483682
3 5017 501697
3 1509 150814
3 2359 235878
3 2626 262597
3 2767 276613
3 808 80739
3 6235 623460
3 6235 623487
3 3724 372305
3 3724 372329
3 4902 490129
3 2947 294638
3 2947 294692
3 1141 114059
3 1141 114092
3 7898 789773
3 2608 260744
3 3497 349603
3 3497 349688
3 2101 210077
3 7468 746780
3 7022 702154
3 459 45847
3 459 45878
3 4251 425056
3 4707 470644
3 2244 224351
3 2204 220314
3 2204 220369
3 1100 109915
3 1100 109955
3 7262 726163
3 2443 244231
3 2443 244288
3 5673 567211
3 5673 567231
3 4234 423357
3 5082 508160
3 5082 508162
3 3476 347548
3 3476 347576
3 3476 347582
3 2732 273182
3 7338 733709
3 7338 733720
3 7338 733752
3 1822 182115
3 1822 182167
3 3568 356722
3 804 80320
3 2995 299454
3 7838 783754
3 1526 152540
3 1526 152552
3 815 81431
3 815 81490
3 7331 733023
3 5497 549647
3 5497 549675
3 3134 313372
3 3134 313391
3 404 40383
3 4246 424509
3 6105 610415
3 5133 513256
3 1112 111146
3 1112 111159
3 6659 665837
3 1197 119628
3 7357 735687
3 1755 175416
3 1755 175474
3 1755 175478
3 1755 175479
3 852 85133
3 5664 566312
3 2704 270319
3 3239 323834
3 3239 323871
3 276 27589
3 7275 727490
3 7176 717505
3 7176 717515
3 7176 717519
3 3032 303115
3 4211 421009
3 3755 375403
3 3755 375426
3 3755 375468
3 3755 375470
3 2337 233679
3 2337 233689
3 6172 617188
3 1508 150772
3 1508 150792
3 1292 129152
3 1292 129178
3 273 27203
3 273 27216
3 273 27298
3 6593 659244
3 2297 229618
3 2297 229628
3 2297 229656
3 3353 335276
3 2659 265810
3 6638 663716
3 6638 663720
3 6638 663780
3 3375 337416
3 5761 576011
3 3156 315583
3 3156 315589
3 4451 445029
3 4451 445066
3 4087 408614
3 1219 121832
3 1666 166579
3 1435 143499
3 3846 384526
3 3846 384571
3 3846 384586
3 6149 614840
3 5013 501205
3 5013 501262
3 5646 564561
3 448 44716
3 2527 252696
3 5531 553018
3 5531 553036
3 5531 553067
3 5531 553075
3 1840 183955
3 5256 525513
3 5256 525515
3 7236 723547
3 7236 723552
3 4894 489307
3 3474 347396
3 3474 347398
3 1416 141600
3 1747 174628
3 1747 174666
3 1747 174681
3 7549 754850
3 7549 754900
3 994 99356
3 300 29945
3 300 29996
3 3583 358239
3 5947 594677
3 5413 541298
3 2499 249823
3 4201 420036
3 4201 420043
3 5580 557987
3 1268 126707
3 1268 126737
3 3202 320133
3 187 18620
3 187 18678
3 6091 609017
3 1342 134155
3 5023 502206
3 5023 502276
3 47 4607
3 47 4617
3 47 4640
3 7337 733690
3 6670 666992
3 3868 386785
3 5514 551400
3 4678 467731
3 3210 320948
3 7419 741847
3 7419 741870
3 6111 611036
3 3936 393541
3 3936 393593
3 6102 610160
3 6102 610171
3 6102 610196
3 1045 104415
3 1045 104468
3 4593 459225
3 4593 459299
3 4233 423245
3 490 48928
3 1578 157765
3 1578 157783
3 6307 630614
3 7955 795439
3 7955 795486
3 6080 607904
3 6080 607952
3 2528 252747
3 2528 252777
3 2528 252789
3 2528 252800
3 540 53930
3 6516 651590
3 4050 404926
3 4050 404968
3 1535 153427
3 7168 716705
3 3642 364161
3 5343 534238
3 5343 534262
3 1542 154134
3 1542 154151
3 4219 421820
3 4146 414600
3 6773 677208
3 6773 677262
3 1243 124235
3 1243 124284
3 3277 327654
3 5010 500915
3 5010 500917
3 5010 500942
3 4392 439185
3 665 66472
3 665 66486
3 1925 192455
3 1925 192460
3 7875 787463
3 4415 441422
3 4415 441448
3 5188 518708
3 5188 518762
3 5188 518793
3 2493 249203
3 2578 257759
3 4422 442101
3 5885 588443
3 5885 588482
3 7935 793405
3 7935 793454
3 3743 374242
3 2542 254178
3 5005 500417
3 5005 500465
3 4718 471723
3 4566 456512
3 4566 456534
3 7931 793078
3 3795 379403
3 3795 379458
3 3795 379461
3 3795 379475
3 4410 440904
3 4410 440979
3 6888 688757
3 4676 467519
3 661 66098
3 6709 670873
3 1888 188715
3 6740 673913
3 1591 159013
3 1591 159058
3 1014 101319
3 1014 101341
3 5340 533978
3 4500 449924
3 4500 449933
3 4500 449958
3 7945 794468
3 7742 774105
3 7742 774188
3 2653 265254
3 2300 229982
3 1984 198332
3 3283 328249
3 3127 312650
3 3127 312683
3 3953 395282
3 1142 114114
3 1142 114175
3 1532 153156
3 1532 153157
3 3940 393939
3 7298 729714
3 7298 729743
3 4263 426204
3 4263 426258
3 5060 505902
3 5060 505965
3 1873 187254
3 4653 465225
3 4653 465266
3 7816 781511
3 7917 791607
3 1083 108226
3 1083 108233
3 6098 609795
3 4202 420102
3 7049 704872
3 7049 704893
3 2643 264219
3 2643 264245
3 4388 438767
3 5615 561499
3 4719 471802
3 4719 471859
3 4719 471895
3 4719 471898
3 4898 489731
3 1936 193503
3 4665 466412
3 5063 506216
3 7460 745939
3 7460 745976
3 2067 206681
3 2067 206687
3 470 46912
3 470 46913
3 3620 361946
3 3620 361962
3 3620 361985
3 5406 540508
3 5406 540540
3 5406 540575
3 5406 540577
3 4073 407299
3 440 43941
3 440 43975
3 6512 651137
3 4728 472751
3 5550 554945
3 3963 396236
3 2606 260501
3 2606 260569
3 2606 260593
3 7802 780148
3 3015 301467
3 7717 771679
3 3216 321578
3 1715 171445
3 1715 171467
3 5142 514188
3 995 99438
3 995 99443
3 995 99458
3 2502 250192
3 2624 262337
3 2624 262374
3 4364 436312
3 4364 436362
3 4881 488029
3 4881 488068
3 2307 230646
3 611 61059
3 611 61073
3 3817 381650
3 4886 488533
3 5992 599121
3 5992 599189
3 3727 372651
3 1669 166876
3 1669 166900
3 7544 754391
3 4623 462205
3 4623 462276
3 4623 462294
3 1870 186928
3 1870 186932
3 1870 186970
3 1769 176825
3 1769 176872
3 819 81846
3 5651 565029
3 5651 565049
3 5651 565060
3 5469 546862
3 7278 727767
3 1991 199011
3 2549 254894
3 1762 176101
3 1362 136178
3 5 419
3 7188 718794
3 7606 760588
3 5503 550235
3 5503 550287
3 5703 570210
3 4572 457159
3 1001 100069
3 799 79803
3 799 79840
3 4795 479444
3 4352 435150
3 2149 214847
3 494 49335
3 494 49399
3 3812 381158
3 2749 274881
3 2749 274890
3 2749 274897
3 5526 552543
3 5970 596910
3 6721 672065
3 7491 749088
3 244 24353
3 3209 320840
3 3209 320844
3 3675 367500
3 3135 313417
3 3135 313431
3 7637 763613
3 6521 652023
3 6521 652039
3 6521 652068
3 2276 227505
3 2276 227568
3 2276 227593
3 609 60809
3 2217 221621
3 2217 221686
3 2217 221687
3 5920 591910
3 5920 591944
3 1836 183585
3 5378 537730
3 5378 537790
3 5378 537797
3 4161 416082
3 4161 416086
3 4393 439253
3 4393 439274
3 4393 439282
3 6605 660450
3 7504 750362
3 6292 629110
3 4071 407012
3 2800 279909
3 180 17950
3 180 17972
3 1150 114971
3 3165 316468
3 6168 616704
3 5149 514851
3 7769 776817
3 732 73129
3 732 73173
3 6305 630418
3 6305 630451
3 6305 630454
3 6305 630463
3 7416 741541
3 64 6330
3 387 38680
3 998 99775
3 998 99779
3 718 71703
3 718 71704
3 718 71747
3 7563 756241
3 7563 756263
3 7563 756277
3 3246 324535
3 3246 324600
3 3636 363502
3 3636 363577
3 3636 363590
3 1515 151441
3 1515 151493
3 1810 180931
3 1810 180977
3 1810 180994
3 6347 634692
3 1902 190164
3 5028 502778
3 6268 626705
3 3093 309206
3 3093 309254
3 3093 309255
3 3870 386903
3 3870 386907
3 3870 386943
3 3229 322878
3 7877 787610
3 7877 787649
3 7722 772184
3 1351 135065
3 7850 785000
3 1630 162913
3 4524 452374
3 7961 796052
3 2970 296940
3 4411 441058
3 390 38923
3 4174 417374
3 5877 587663
3 1577 157611
3 4042 404112
3 4042 404158
3 4042 404164
3 7726 772505
3 5695 569464
3 2012 201122
3 2012 201159
3 223 22212
3 7054 705322
3 784 78319
3 915 91432
3 915 91473
3 3391 339075
3 4306 430507
3 4306 430517
3 7341 734038
3 4808 480719
3 604 60336
3 604 60395
3 4041 404010
3 183 18282
3 2484 248359
3 2484 248385
3 5048 504755
3 5414 541307
3 5414 541400
3 2553 255204
3 2553 255244
3 1145 114470
3 3611 361069
3 3385 338478
3 7265 726488
3 7064 706333
3 7064 706335
3 5562 556180
3 5562 556199
3 5753 575231
3 4396 439582
3 7830 782961
3 2163 216204
3 2163 216291
3 4877 487671
3 4877 487694
3 4697 469627
3 4697 469681
3 2260 225953
3 2260 226000
3 889 88868
3 7978 797728
3 7978 797729
3 3177 317611
3 98 9731
3 98 9768
3 3060 305922
3 2568 256756
3 4104 410317
3 4104 410385
3 2924 292398
3 5856 585501
3 5856 585506
3 3303 330223
3 907 90624
3 907 90631
3 907 90666
3 3139 313808
3 3139 313831
3 5545 554485
3 5545 554492
3 4776 477508
3 4776 477575
3 3961 396075
3 5179 517822
3 5179 517853
3 5980 597935
3 3947 394628
3 3947 394653
3 3947 394698
3 6162 616120
3 6162 616132
3 5564 556310
3 5564 556387
3 5564 556390
3 2935 293463
3 6026 602540
3 6026 602546
3 7067 706678
3 7067 706698
3 7072 707113
3 7072 707130
3 7072 707165
3 7072 707182
3 5808 580791
3 5171 517077
3 4996 499567
3 1680 167983
3 4013 401236
3 565 56408
3 3886 388521
3 3886 388556
3 3886 388557
3 4595 459403
3 4802 480171
3 972 97121
3 3418 341702
3 3418 341731
3 3418 341733
3 3418 341785
3 7057 705627
3 2604 260313
3 2604 260338
3 6040 603910
3 1518 151762
3 7155 715445
3 5310 530973
3 5958 595756
3 709 70885
3 709 70893
3 7823 782300
3 6650 664942
3 6650 664974
3 4355 435409
3 4355 435443
3 5076 507541
3 5076 507590
3 7636 763575
3 6400 639979
3 7510 751000
3 3763 376262
3 991 99039
3 2142 214153
3 2268 226733
3 2268 226749
3 2268 226788
3 6526 652519
3 6526 652533
3 6526 652563
3 252 25197
3 3706 370503
3 3706 370513
3 3706 370514
3 7373 737240
3 7373 737243
3 7373 737295
3 7679 767884
3 2498 249738
3 2498 249797
3 4477 447603
3 4477 447615
3 5359 535828
3 5359 535878
3 7295 729457
3 7295 729460
3 2432 243145
3 2432 243154
3 4277 427651
3 3681 368026
3 542 54133
3 542 54166
3 3519 351853
3 3519 351867
3 6652 665135
3 4618 461794
3 2558 255727
3 1005 100402
3 6412 641157
3 282 28164
3 132 13171
3 7178 717721
3 674 67331
3 674 67368
3 4532 453156
3 2207 220699
3 3261 326038
3 2538 253776
3 5809 580833
3 5809 580882
3 5809 580900
3 5319 531861
3 2194 219394
3 2986 298573
3 3053 305209
3 3053 305210
3 5118 511727
3 5118 511747
3 5118 511778
3 5983 598252
3 112 11134
3 112 11179
3 431 43025
3 431 43027
3 431 43040
3 431 43042
3 5042 504122
3 5042 504198
3 1954 195323
3 1954 195338
3 1954 195348
3 4061 406007
3 6733 673216
3 3910 390919
3 3910 390977
3 6061 606093
3 3452 345164
3 3452 345200
3 1002 100109
3 6553 655228
3 2132 213192
3 3514 351362
3 2059 205845
3 1459 145896
3 4283 428229
3 2256 225547
3 4243 424242
3 1372 137121
3 3544 354312
3 3544 354378
3 5736 573521
3 5736 573584
3 7458 745707
3 7458 745748
3 7458 745755
3 7030 702947
3 3231 323032
3 3231 323066
3 3231 323086
3 902 90163
3 199 19863
3 1673 167205
3 1673 167215
3 4180 417985
3 4310 430993
3 2294 229371
3 6411 641059
3 3654 365311
3 6839 683876
3 2740 273941
3 7214 721359
3 3253 325296
3 5190 518903
3 5190 518925
3 5190 518974
3 5190 518995
3 1675 167439
3 2916 291594
3 7498 749767
3 4084 408335
3 682 68130
3 3146 314568
3 6316 631590
3 2063 206278
3 2038 203702
3 7633 763288
3 3407 340613
3 3407 340690
3 3313 331218
3 2315 231457
3 5715 571432
3 5715 571485
3 2091 209041
3 3872 387137
3 427 42678
3 996 99557
3 996 99566
3 4614 461380
3 4348 434745
3 6852 685122
3 6852 685169
3 2751 275038
3 1267 126636
3 1090 108910
3 1090 108918
3 6867 686641
3 6043 604290
3 1534 153313
3 5098 509730
3 7573 757232
3 5811 581096
3 764 76303
3 764 76314
3 4111 411008
3 1316 131552
3 4164 416325
3 3091 309037
3 3091 309059
3 1999 199852
3 1999 199874
3 5124 512364
3 1502 150107
3 7556 755577
3 1739 173836
3 5425 542427
3 6381 638040
3 6381 638091
3 6381 638096
3 3731 373053
3 3731 373088
3 3731 373096
3 5770 576963
3 5770 576977
3 7528 752767
3 1776 177510
3 3192 319125
3 4344 434329
3 4344 434330
3 4344 434371
3 4344 434380
3 914 91325
3 914 91362
3 5942 594141
3 7640 763961
3 7640 763965
3 2733 273231
3 2733 273291
3 1132 113161
3 1132 113164
3 5064 506397
3 1289 128820
3 6145 614405
3 3351 335038
3 3351 335058
3 3351 335065
3 3351 335092
3 2575 257420
3 2575 257438
3 4490 448911
3 7219 721862
3 7363 736221
3 6074 607324
3 6074 607341
3 6074 607400
3 5379 537804
3 487 48610
3 487 48645
3 2657 265601
3 2657 265665
3 2657 265681
3 7198 719710
3 1250 124987
3 1597 159652
3 1597 159698
3 809 80833
3 809 80894
3 6190 618916
3 4057 405636
3 7996 799585
3 7996 799586
3 1436 143507
3 7535 753441
3 3115 311438
3 3115 311466
3 5403 540223
3 5403 540232
3 5403 540267
3 4864 486337
3 3927 392627
3 3927 392659
3 3927 392681
3 5328 532720
3 2167 216644
3 2296 229558
3 3968 396793
3 1997 199602
3 1997 199654
3 1997 199680
3 6260 625934
3 6260 625965
3 7800 779919
3 67 6625
3 6727 672646
3 1439 143843
3 868 86720
3 868 86791
3 372 37130
3 372 37172
3 6681 668056
3 3882 388164
3 2475 247478
3 3364 336307
3 3364 336348
3 205 20412
3 205 20458
3 3157 315641
3 3157 315652
3 3157 315655
3 295 29419
3 295 29421
3 48 4777
3 48 4778
3 3386 338541
3 3386 338543
3 3386 338594
3 2483 248265
3 2483 248295
3 3462 346167
3 4152 415134
3 4152 415143
3 4152 415172
3 929 92846
3 929 92853
3 6940 693975
3 1564 156371
3 218 21778
3 140 13941
3 140 13986
3 2431 243007
3 2431 243013
3 743 74206
3 743 74282
3 743 74286
3 7515 751409
3 7515 751416
3 7515 751483
3 6621 662017
3 6621 662036
3 6621 662080
3 5153 515240
3 5153 515250
3 3867 386639
3 3867 386667
3 3867 386691
3 5331 533010
3 752 75137
3 752 75185
3 60 5952
3 4656 465533
3 4656 465582
3 4625 462434
3 4625 462464
3 4625 462492
3 7912 791171
3 7912 791189
3 133 13242
3 5888 588784
3 4432 443104
3 2057 205700
3 4439 443819
3 4439 443834
3 4439 443867
3 3643 364264
3 7077 707658
3 4797 479618
3 2293 229230
3 2293 229244
3 7741 774067
3 1817 181626
3 7465 746437
3 3907 390666
3 6 513
3 761 76065
3 761 76099
3 7662 766190
3 948 94746
3 645 64409
3 7909 790848
3 7041 704078
3 5288 528735
3 5288 528765
3 4436 443532
3 4436 443572
3 6234 623350
3 4547 454692
3 6825 682435
3 4160 415944
3 2943 294210
3 4895 489425
3 4895 489499
3 1456 145510
3 1456 145552
3 1456 145558
3 1456 145598
3 1962 196175
3 2251 225046
3 6203 620292
3 533 53264
3 7582 758105
3 7582 758122
3 7582 758156
3 143 14280
3 7789 778808
3 453 45216
3 4026 402555
3 6009 600879
3 7994 799358
3 5530 552936
3 5787 578677
3 6139 613836
3 5904 590339
3 5904 590344
3 5904 590355
3 4958 495792
3 4958 495794
3 4873 487231
3 4873 487232
3 5363 536219
3 5363 536256
3 5972 597136
3 5972 597160
3 3339 333820
3 3339 333856
3 4786 478513
3 4786 478559
3 5868 586714
3 269 26864
3 269 26887
3 7731 773027
3 8000 799934
3 8000 799941
3 8000 799990
3 4448 444724
3 824 82385
3 6895 689412
3 931 93027
3 7075 707408
3 7075 707490
3 6393 639203
3 125 12487
3 7578 757760
3 3793 379205
3 2981 298057
3 1538 153737
3 1538 153753
3 63 6245
3 63 6283
3 3526 352555
3 3526 352572
3 6324 632343
3 6899 689848
3 884 88345
3 884 88352
3 884 88377
3 3336 333522
3 7754 775341
3 7754 775359
3 6886 688552
3 7353 735232
3 7353 735277
3 7353 735281
3 2117 211602
3 5421 542052
3 5421 542079
3 7001 700076
3 6044 604312
3 6044 604328
3 5430 542963
3 3412 341196
3 2834 283320
3 2834 283331
3 2834 283334
3 2834 283336
3 2834 283366
3 2252 225108
3 2252 225120
3 828 82776
3 5591 559091
3 365 36444
3 5055 505452
3 7364 736315
3 7364 736336
3 4796 479557
3 5622 562183
3 5487 548612
3 5487 548653
3 3822 382169
3 5821 582090
3 6430 642949
3 3935 393416
3 3935 393493
3 4631 463024
3 7822 782175
3 7822 782187
3 2058 205704
3 346 34579
3 2148 214724
3 2465 246411
3 2465 246442
3 7849 784814
3 7849 784838
3 7849 784870
3 6319 631835
3 7602 760136
3 7602 760165
3 106 10564
3 1277 127647
3 1277 127679
3 7707 770676
3 7610 760955
3 7610 760965
3 2956 295515
3 1240 123916
3 1240 123987
3 325 32429
3 325 32464
3 5791 579025
3 2176 217576
3 2176 217595
3 1687 168677
3 4567 456613
3 3340 333926
3 1237 123621
3 1237 123646
3 1237 123656
3 268 26721
3 268 26783
3 7974 797388
3 6954 695318
3 108 10712
3 108 10720
3 2660 265969
3 7082 708171
3 850 84928
3 850 84970
3 6407 640627
3 6617 661603
3 6617 661658
3 3585 358489
3 6314 631317
3 6314 631370
3 3776 377567
3 2731 273013
3 385 38408
3 385 38493
3 7522 752134
3 4620 461974
3 6657 665623
3 1349 134868
3 6795 679402
3 5718 571775
3 3065 306468
3 2753 275266
3 1258 125727
3 2404 240301
3 2404 240348
3 2404 240384
3 7984 798309
3 7724 772304
3 568 56776
3 568 56789
3 2859 285850
3 3680 367918
3 6146 614526
3 6939 693893
3 6715 671411
3 2237 223603
3 2237 223646
3 2854 285352
3 2854 285399
3 5410 540903
3 5410 540984
3 2941 294080
3 4315 431420
3 4315 431434
3 4315 431493
3 3442 344151
3 2899 289844
3 1537 153666
3 4159 415813
3 7420 741913
3 4922 492167
3 4922 492184
3 1657 165626
3 1657 165646
3 1657 165683
3 231 23010
3 231 23070
3 231 23074
3 231 23078
3 231 23097
3 7403 740207
3 7403 740213
3 7403 740265
3 7403 740276
3 5202 520158
3 5912 591110
3 5912 591120
3 5912 591151
3 195 19414
3 6448 644704
3 6448 644748
3 662 66181
3 2937 293687
3 951 95079
3 6884 688308
3 6884 688332
3 5949 594887
3 5949 594888
3 1408 140741
3 4577 457635
3 2317 231602
3 2317 231661
3 6390 638968
3 6390 638980
3 7778 777748
3 5721 572025
3 660 65938
3 660 65996
3 4762 476111
3 1826 182505
3 4582 458192
3 4582 458193
3 275 27477
3 275 27481
3 154 15386
3 7593 759204
3 7593 759221
3 7593 759233
3 6853 685238
3 6853 685265
3 1615 161486
3 3063 306243
3 3063 306264
3 5466 546585
3 2104 210346
3 4052 405131
3 6478 647758
3 7488 748730
3 886 88581
3 7269 726864
3 1945 194448
3 7647 764622
3 1595 159449
3 1595 159464
3 6548 654704
3 6548 654710
3 2319 231836
3 2319 231867
3 2192 219192
3 4703 470265
3 5294 529328
3 3709 370881
3 1686 168546
3 1686 168563
3 1686 168594
3 3161 316050
3 586 58511
3 6212 621118
3 6212 621166
3 7145 714404
3 7145 714432
3 7145 714480
3 1477 147680
3 4204 420317
3 4204 420326
3 4204 420382
3 7247 724660
3 2221 222008
3 7256 725524
3 7256 725569
3 1159 115804
3 1159 115806
3 2883 288260
3 489 48801
3 489 48890
3 6654 665366
3 7454 745361
3 7454 745363
3 7454 745394
3 3830 382927
3 3830 382998
3 1713 171219
3 3467 346603
3 2331 233072
3 4302 430110
3 4300 429984
3 2530 252938
3 2530 252947
3 6691 669095
3 3445 344410
3 3445 344418
3 3445 344490
3 3672 367150
3 3030 302975
3 3030 302983
3 4297 429642
3 7709 770805
3 7709 770817
3 7709 770874
3 7277 727627
3 2084 208394
3 6636 663586
3 2611 261071
3 4867 486676
3 7097 709602
3 7097 709658
3 5019 501802
3 1417 141688
3 5917 591636
3 5917 591659
3 4541 454031
3 4541 454034
3 4541 454065
3 5247 524609
3 5247 524658
3 5508 550761
3 1860 185944
3 7829 782848
3 7405 740445
3 2805 280449
3 3598 359800
3 4755 475452
3 1758 175775
3 1758 175788
3 2287 228679
3 5540 553965
3 7708 770767
3 7708 770777
3 3141 314048
3 6284 628383
3 6284 628393
3 1531 153009
3 1531 153059
3 366 36527
3 7319 731860
3 4696 469591
3 3278 327761
3 5773 577252
3 5773 577254
3 5773 577282
3 1029 102803
3 7213 721293
3 1881 188003
3 1881 188010
3 2994 299325
3 2994 299342
3 2994 299385
3 4419 441900
3 2917 291639
3 2917 291655
3 3260 325949
3 7740 773927
3 2892 289167
3 1814 181380
3 1642 164167
3 7842 784179
3 6946 694538
3 5090 508901
3 5090 508976
3 201 20054
3 2290 228953
3 2290 228979
3 716 71545
3 716 71559
3 716 71571
3 7959 795849
3 1759 175871
3 5467 546634
3 5467 546678
3 7114 711342
3 7114 711349
3 7114 711376
3 7114 711380
3 3913 391208
3 4527 452671
3 4917 491674
3 4369 436879
3 7644 764311
3 5985 598470
3 5985 598483
3 4537 453626
3 4537 453700
3 6350 634974
3 6343 634212
3 1880 187928
3 1880 187932
3 593 59260
3 593 59277
3 6182 618109
3 7883 788212
3 6675 667410
3 6675 667487
3 6131 613026
3 6514 651307
3 1639 163820
3 1639 163834
3 1249 124837
3 1249 124877
3 1249 124882
3 2026 202536
3 2026 202580
3 4869 486823
3 4869 486827
3 1580 157917
3 1580 157923
3 664 66372
3 3847 384631
3 3847 384678
3 2374 237305
3 2374 237333
3 2374 237384
3 6685 668492
3 8 750
3 8 793
3 7310 730959
3 7162 716174
3 7162 716175
3 7162 716196
3 3809 380872
3 3809 380884
3 3809 380890
3 3809 380895
3 4255 425462
3 4769 476865
3 4769 476868
3 4196 419584
3 4594 459371
3 3421 342032
3 3421 342042
3 3421 342080
3 2250 224984
3 449 44817
3 449 44832
3 449 44880
3 392 39104
3 392 39128
3 5304 530359
3 4065 406467
3 1441 144023
3 5570 556951
3 5570 556998
3 6289 628852
3 6289 628878
3 3834 383324
3 5850 584925
3 5850 584938
3 5850 584973
3 1413 141240
3 1413 141277
3 2363 236275
3 3660 365962
3 2417 241620
3 1178 117785
3 301 30034
3 3125 312433
3 5598 559709
3 5344 534307
3 5344 534371
3 5344 534378
3 1071 107099
3 5677 567632
3 2459 245882
3 7140 713902
3 7330 732992
3 4206 420539
3 4336 433537
3 4336 433564
3 2081 208092
3 93 9245
3 93 9258
3 7891 789008
3 6228 622719
3 6228 622759
3 6228 622780
3 1668 166788
3 3992 399115
3 3992 399116
3 2925 292449
3 2925 292456
3 7752 775113
3 7752 775125
3 6910 690915
3 7892 789184
3 2350 234940
3 1081 108061
3 1210 120909
3 1210 120938
3 1341 134020
3 2133 213215
3 1507 150601
3 1507 150633
3 1507 150643
3 1507 150681
3 4446 444561
3 7957 795611
3 4790 478908
3 4790 478915
3 6915 691465
3 6354 635313
3 6354 635344
3 5360 535985
3 913 91296
3 4588 458705
3 4588 458713
3 6495 649475
3 6495 649488
3 4205 420493
3 3779 377809
3 3779 377855
3 5021 502023
3 5021 502086
3 469 46892
3 6033 603231
3 7911 791010
3 7911 791079
3 6802 680140
3 2680 268000
3 7760 775998
3 5095 509418
3 2691 269093
3 2691 269100
3 2794 279304
3 2794 279367
3 2945 294426
3 1549 154815
3 5158 515742
3 5222 522179
3 6156 615567
3 4189 418814
3 4189 418839
3 4189 418875
3 3716 371541
3 4530 452949
3 4639 463808
3 4639 463874
3 4639 463882
3 3085 308444
3 3162 316120
3 3162 316193
3 4850 484906
3 7791 779064
3 7791 779090
3 3406 340521
3 1825 182427
3 810 80977
3 6918 691744
3 6918 691747
3 6918 691787
3 3905 390453
3 7235 723425
3 7235 723466
3 7235 723468
3 7161 716070
3 667 66660
3 667 66683
3 5257 525676
3 5257 525685
3 311 31018
3 3104 310308
3 968 96727
3 968 96768
3 1184 118303
3 1184 118399
3 1034 103326
3 1214 121327
3 1214 121346
3 4540 453923
3 1203 120223
3 1203 120226
3 1203 120243
3 3744 374301
3 3744 374344
3 7967 796606
3 7967 796607
3 7967 796614
3 4954 495313
3 4954 495398
3 3687 368665
3 792 79140
3 792 79198
3 7814 781317
3 7814 781376
3 2375 237424
3 2375 237443
3 2375 237449
3 2375 237485
3 2154 215346
3 2154 215379
3 2154 215400
3 1228 122711
3 1228 122719
3 1228 122785
3 4833 483244
3 4465 446440
3 1061 106092
3 386 38503
3 386 38560
3 232 23129
3 232 23194
3 531 53022
3 1928 192758
3 2773 277248
3 2773 277264
3 2773 277295
3 4931 493007
3 5230 522929
3 4995 499475
3 4443 444212
3 4443 444247
3 94 9314
3 94 9397
3 6524 652358
3 4799 479801
3 6433 643266
3 7782 778103
3 7782 778197
3 714 71329
3 4154 415384
3 4154 415399
3 762 76175
3 762 76200
3 3785 378417
3 3785 378435
3 3785 378473
3 4835 483458
3 4835 483489
3 6334 633325
3 7426 742537
3 7426 742591
3 7426 742597
3 5813 581202
3 5813 581241
3 6987 698681
3 6987 698694
3 5057 505691
3 1853 185205
3 1953 195201
3 1953 195217
3 2147 214615
3 2673 267231
3 3896 389505
3 3896 389518
3 3896 389535
3 3896 389576
3 5905 590476
3 6881 688094
3 2508 250709
3 2508 250743
3 6219 621890
3 7545 754442
3 7545 754461
3 7545 754482
3 4054 405356
3 6731 673096
3 800 79946
3 800 79956
3 6461 646032
3 2386 238544
3 1603 160254
3 1799 179823
3 4552 455149
3 1891 189005
3 6928 692758
3 6928 692798
3 1463 146300
3 4616 461535
3 5807 580659
3 4066 406598
3 657 65610
3 657 65658
3 657 65686
3 4473 447298
3 7149 714882
3 3502 350147
3 6860 685991
3 1350 134917
3 1350 134924
3 2888 288711
3 801 80054
3 65 6452
3 2004 200385
3 4751 475032
3 4751 475062
3 4751 475070
3 3431 343050
3 3431 343057
3 2377 237678
3 2327 232623
3 4553 455235
3 4332 433125
3 3494 349372
3 5308 530713
3 5308 530725
3 1906 190550
3 1906 190571
3 6380 637990
3 2953 295226
3 2953 295227
3 6386 638507
3 6386 638548
3 2807 280667
3 7324 732381
3 3118 311701
3 3118 311773
3 3118 311789
3 1125 112466
3 1800 179939
3 5397 539643
3 4896 489589
3 2922 292128
3 2922 292176
3 3318 331778
3 3318 331780
3 3618 361709
3 3618 361767
3 6728 672722
3 1438 143772
3 511 51098
3 6589 658841
3 5232 523172
3 5232 523180
3 1063 106226
3 6447 644635
3 5684 568343
3 2009 200822
3 3373 337240
3 3373 337253
3 2636 263562
3 2636 263595
3 7350 734928
3 7350 734944
3 5816 581517
3 5816 581550
3 5816 581554
3 5816 581576
3 6366 636554
3 6366 636561
3 4788 478739
3 2370 236933
3 2370 236951
3 5498 549754
3 5498 549790
3 2426 242588
3 2085 208477
3 6846 684522
3 6846 684524
3 3898 389778
3 6674 667357
3 3570 356904
3 3570 356970
3 4082 408142
3 3752 375185
3 2662 266167
3 7184 718359
3 526 52527
3 526 52547
3 1086 108578
3 1086 108594
3 4342 434109
3 1805 180422
3 1805 180436
3 1805 180499
3 4956 495552
3 7051 705060
3 1791 179083
3 5800 579931
3 2177 217680
3 6050 605000
3 7514 751353
3 5543 554231
3 5543 554275
3 5031 503017
3 5031 503050
3 5031 503057
3 1325 132402
3 491 49076
3 4268 426774
3 6995 699462
3 3350 334962
3 2926 292600
3 7048 704716
3 7048 704750
3 5107 510684
3 7136 713593
3 6539 653883
3 6539 653885
3 1180 117987
3 1394 139338
3 1394 139362
3 2097 209628
3 1886 188515
3 1886 188537
3 1492 149126
3 1492 149155
3 1492 149193
3 1492 149195
3 5604 560318
3 4313 431270
3 669 66884
3 4876 487557
3 5475 547490
3 7234 723306
3 7234 723320
3 3535 353480
3 1488 148741
3 1488 148768
3 1488 148784
3 1080 107929
3 5338 533778
3 4252 425128
3 6869 686847
3 3591 359007
3 3591 359063
3 7663 766220
3 7663 766235
3 7663 766241
3 7663 766278
3 7663 766286
3 4941 494078
3 4941 494094
3 245 24407
3 245 24445
3 245 24457
3 245 24492
3 4185 418493
3 4185 418495
3 5322 532152
3 2433 243209
3 2433 243238
3 45 4408
3 45 4414
3 5930 592954
3 4398 439718
3 863 86205
3 3503 350290
3 4858 485721
3 4858 485725
3 4858 485796
3 1495 149461
3 4561 456008
3 3295 329438
3 498 49720
3 498 49762
3 3613 361249
3 3613 361256
3 3613 361262
3 6623 662225
3 6623 662256
3 6623 662257
3 6143 614218
3 7131 713002
3 7131 713085
3 7191 719096
3 6484 648388
3 6484 648400
3 4374 437304
3 12 1104
3 12 1142
3 1786 178563
3 7282 728185
3 7282 728189
3 2458 245736
3 5185 518470
3 322 32146
3 322 32147
3 6297 629660
3 6297 629685
3 4280 427909
3 4280 427990
3 4674 467329
3 4674 467336
3 4674 467388
3 7108 710748
3 2813 281266
3 2813 281277
3 5586 558573
3 4601 460081
3 7916 791518
3 4693 469209
3 4693 469260
3 253 25247
3 1732 173165
3 984 98305
3 984 98317
3 984 98348
3 7579 757879
3 5829 582850
3 5108 510738
3 5108 510775
3 5108 510795
3 475 47449
3 7890 788984
3 7890 788994
3 830 82903
3 830 82995
3 3781 378095
3 3086 308502
3 1470 146942
3 3871 387017
3 3871 387024
3 7443 744255
3 7443 744274
3 7443 744277
3 2382 238125
3 2382 238130
3 3659 365878
3 3659 365887
3 114 11327
3 114 11346
3 3356 335592
3 4713 471224
3 4713 471247
3 582 58130
3 582 58151
3 582 58153
3 582 58186
3 3279 327820
3 6804 680323
3 6804 680335
3 4729 472838
3 7941 794051
3 4412 441175
3 4412 441178
3 1627 162648
3 1627 162667
3 4209 420832
3 4209 420900
3 7736 773507
3 7736 773564
3 7736 773574
3 4578 457751
3 4578 457777
3 6821 682006
3 874 87334
3 874 87388
3 1472 147194
3 2880 287943
3 5109 510856
3 1665 166494
3 4731 473035
3 4731 473091
3 3865 386464
3 6176 617574
3 6057 605603
3 6533 653210
3 6533 653247
3 2143 214219
3 2143 214232
3 7533 753292
3 5724 572352
3 5724 572368
3 2775 277412
3 2736 273537
3 3508 350750
3 1224 122392
3 236 23536
3 4979 497878
3 6258 625713
3 7351 735009
3 7351 735018
3 1287 128610
3 1175 117420
3 1175 117492
3 3536 353538
3 3536 353570
3 1746 174546
3 3715 371467
3 2419 241805
3 2419 241854
3 2419 241863
3 1422 142120
3 2392 239137
3 4609 460822
3 7699 769816
3 3457 345679
3 2264 226359
3 2264 226372
3 349 34881
3 349 34889
3 4173 417282
3 4173 417288
3 4179 417884
3 6365 636481
3 5936 593524
3 5936 593550
3 5091 509098
3 5204 520301
3 5204 520397
3 5187 518672
3 5187 518684
3 625 62408
3 625 62411
3 625 62424
3 625 62432
3 625 62451
3 1607 160637
3 39 3876
3 1333 133202
3 5504 550363
3 5504 550385
3 3833 383292
3 1679 167853
3 2492 249194
3 7787 778685
3 1738 173788
3 6401 640088
3 4428 442777
3 1225 122499
3 1858 185708
3 3000 299901
3 3000 299902
3 1094 109317
3 2115 211442
3 2115 211460
3 5903 590208
3 6914 691336
3 6914 691388
3 1036 103580
3 1036 103595
3 7792 779165
3 6626 662539
3 6363 636236
3 2228 222761
3 7066 706503
3 1701 170006
3 5293 529262
3 5293 529269
3 5293 529273
3 5293 529285
3 2871 287023
3 2871 287037
3 2871 287078
3 4095 409445
3 6732 673168
3 2455 245470
3 2455 245483
3 7517 751645
3 7517 751682
3 6008 600763
3 4016 401563
3 2708 270716
3 3097 309669
3 3097 309678
3 7159 715834
3 7159 715868
3 4531 453038
3 1185 118409
3 1185 118465
3 1185 118497
3 7813 781256
3 6558 655784
3 340 33920
3 340 33927
3 340 33987
3 2835 283410
3 5750 574911
3 1476 147511
3 1476 147517
3 1476 147592
3 162 16131
3 2466 246586
3 2509 250823
3 4005 400416
3 4005 400445
3 4089 408878
3 2788 278752
3 3395 339410
3 979 97845
3 979 97852
3 5915 591416
3 5915 591429
3 4701 470092
3 1270 126927
3 1270 126946
3 5167 516610
3 5167 516696
3 1904 190397
3 4101 410048
3 3430 342925
3 3430 342934
3 3430 342953
3 3430 342991
3 2378 237750
3 2378 237758
3 4938 493738
3 6114 611326
3 5486 548532
3 5844 584334
3 5844 584357
3 5794 579329
3 5794 579399
3 5794 579400
3 7013 701231
3 7013 701236
3 6362 636120
3 1346 134573
3 4455 445419
3 6872 687108
3 6872 687116
3 3390 338952
3 2719 271862
3 3292 329114
3 3292 329130
3 7312 731131
3 7312 731156
3 1473 147224
3 7475 747460
3 6722 672150
3 6722 672195
3 1550 154912
3 1550 154983
3 2769 276877
3 1285 128420
3 7248 724713
3 7248 724726
3 7248 724769
3 2211 221009
3 2211 221025
3 2211 221043
3 2211 221044
3 213 21228
3 213 21254
3 333 33236
3 4032 403145
3 1794 179309
3 4603 460246
3 4603 460280
3 1778 177797
3 4559 455849
3 6070 606929
3 2239 223879
3 267 26606
3 267 26635
3 267 26683
3 267 26692
3 7197 719666
3 2847 284612
3 2847 284617
3 2847 284622
3 2847 284630
3 2847 284632
3 2847 284693
3 649 64887
3 2259 225878
3 2259 225891
3 3305 330492
3 3774 377381
3 2175 217481
3 1043 104202
3 1043 104276
3 2153 215206
3 2153 215209
3 2153 215255
3 3786 378537
3 4663 466206
3 4663 466253
3 4663 466288
3 805 80406
3 1469 146850
3 6506 650533
3 6506 650548
3 3678 367798
3 2409 240832
3 2409 240899
3 6360 635956
3 6360 635981
3 6267 626635
3 1975 197450
3 1975 197476
3 503 50272
3 2334 233391
3 2334 233398
3 7021 702001
3 7021 702006
3 7021 702090
3 840 83957
3 5101 510086
3 5030 502935
3 5030 502958
3 2839 283811
3 2839 283885
3 4499 449844
3 4499 449874
3 6130 612995
3 7466 746553
3 6552 655154
3 6552 655155
3 807 80672
3 807 80695
3 3322 332109
3 3322 332162
3 3322 332163
3 2697 269603
3 7167 716662
3 1321 132008
3 7060 705944
3 3014 301339
3 2539 253833
3 6189 618804
3 6189 618870
3 1129 112851
3 3213 321217
3 6609 660885
3 7796 779558
3 4781 478002
3 6696 669562
3 2952 295109
3 2952 295160
3 3399 339843
3 3399 339859
3 3399 339883
3 3399 339892
3 4973 497242
3 450 44943
3 450 44968
3 1500 149955
3 1303 130210
3 1303 130217
3 1303 130252
3 1303 130299
3 7691 769066
3 6947 694603
3 6947 694645
3 6619 661825
3 6619 661844
3 6619 661864
3 5258 525703
3 5258 525704
3 5258 525710
3 3449 344865
3 1761 176090
3 4229 422820
3 4229 422888
3 4229 422894
3 1401 140033
3 7755 775444
3 6620 661966
3 6315 631411
3 6315 631477
3 3217 321606
3 6449 644867
3 6449 644872
3 6449 644885
3 592 59139
3 6120 611941
3 1950 194961
3 1935 193459
3 7922 792193
3 7696 769524
3 7696 769572
3 2400 239969
3 6208 620779
3 6208 620785
3 4683 468249
3 4683 468279
3 7028 702714
3 7239 723816
3 7239 723850
3 7239 723851
3 1700 169930
3 1700 169974
3 1700 169991
3 4110 410939
3 5214 521390
3 2597 259643
3 3036 303595
3 781 78030
3 781 78035
3 521 52100
3 6446 644513
3 5817 581645
3 5817 581648
3 5817 581675
3 5205 520489
3 1282 128112
3 1282 128160
3 6233 623273
3 4608 460757
3 4689 468878
3 5006 500549
3 5006 500567
3 5006 500590
3 7764 776371
3 7764 776397
3 6017 601666
3 7777 777662
3 437 43639
3 437 43655
3 1989 198889
3 5825 582454
3 1306 130533
3 7102 710120
3 7102 710148
3 4749 474801
3 4749 474843
3 4749 474873
3 7223 722232
3 309 30847
3 5296 529515
3 3448 344733
3 3448 344742
3 310 30982
3 6785 678447
3 6785 678465
3 315 31465
3 2858 285768
3 6000 599983
3 7288 728722
3 7288 728758
3 4140 413947
3 7193 719247
3 7193 719277
3 5788 578716
3 5788 578760
3 2829 282884
3 2891 289023
3 2891 289063
3 7144 714312
3 3211 321028
3 4615 461411
3 4167 416624
3 617 61668
3 617 61681
3 7523 752289
3 4370 436974
3 3547 354647
3 3547 354652
3 1309 130814
3 4897 489655
3 2073 207256
3 3204 320345
3 5989 598850
3 5989 598889
3 960 95974
3 4027 402682
3 7899 789874
3 3369 336808
3 7832 783147
3 7832 783195
3 7832 783197
3 7832 783198
3 7516 751525
3 318 31752
3 318 31759
3 318 31770
3 70 6991
3 6695 669455
3 6695 669482
3 6384 638310
3 7152 715123
3 7152 715183
3 2501 250087
3 2501 250089
3 1955 195475
3 200 19985
3 5417 541642
3 49 4850
3 49 4877
3 1631 163051
3 1631 163092
3 5093 509209
3 6631 663085
3 1983 198287
3 20 1903
3 20 1953
3 5734 573307
3 5874 587313
3 5874 587385
3 3478 347704
3 3478 347756
3 4605 460500
3 6311 631012
3 6311 631048
3 965 96442
3 2497 249679
3 2497 249687
3 2497 249689
3 1322 132138
3 1322 132180
3 6109 610803
3 967 96693
3 1315 131418
3 1315 131424
3 973 97204
3 973 97234
3 973 97269
3 973 97296
3 973 97297
3 782 78123
3 4829 482802
3 5129 512810
3 2703 270204
3 2703 270235
3 35 3446
3 35 3490
3 415 41413
3 1855 185430
3 1855 185441
3 1855 185486
3 5700 569983
3 5870 586931
3 3007 300605
3 3007 300665
3 7980 797971
3 6328 632737
3 6328 632747
3 1434 143305
3 4748 474752
3 4748 474753
3 5853 585285
3 4330 432938
3 4330 432940
3 4330 432987
3 5698 569779
3 6440 643937
3 6440 643986
3 7486 748529
3 7486 748533
3 7486 748582
3 5628 562705
3 5628 562717
3 5628 562776
3 7721 772038
3 3838 383710
3 3838 383732
3 3838 383753
3 3577 357690
3 6186 618528
3 6186 618578
3 6186 618583
3 4803 480208
3 4803 480300
3 1483 148219
3 3273 327213
3 3273 327285
3 2629 262859
3 4927 492664
3 6598 659747
3 6598 659766
3 1117 111614
3 6876 687533
3 6263 626279
3 937 93614
3 2006 200549
3 2006 200560
3 6229 622882
3 4133 413235
3 4133 413298
3 2247 224608
3 4285 428446
3 4285 428452
3 892 89173
3 7794 779308
3 7794 779386
3 5602 560163
3 6291 629029
3 1188 118732
3 1188 118799
3 1613 161264
3 1613 161269
3 7296 729515
3 7296 729526
3 7296 729535
3 6622 662169
3 6622 662179
3 1311 131008
3 1311 131014
3 3099 309807
3 3099 309808
3 7844 784369
3 7844 784381
3 7844 784399
3 683 68225
3 683 68235
3 5780 577946
3 5780 578000
3 1914 191320
3 7654 765385
3 538 53796
3 1082 108110
3 1082 108140
3 634 63397
3 43 4213
3 3224 322373
3 4033 403268
3 1883 188262
3 1625 162477
3 4254 425308
3 4254 425330
3 6094 609325
3 7837 783643
3 1804 180375
3 7564 756309
3 7564 756323
3 1907 190619
3 1907 190628
3 6529 652871
3 3446 344519
3 5571 557072
3 5571 557074
3 1174 117309
3 2951 295013
3 2951 295067
3 5895 589419
3 1845 184408
3 1845 184428
3 1845 184452
3 5999 599866
3 1692 169148
3 1692 169191
3 7165 716434
3 2271 227070
3 6751 675062
3 6978 697708
3 4275 427411
3 5798 579722
3 7921 792045
3 7921 792058
3 7921 792086
3 7921 792097
3 410 40968
3 3736 373520
3 7627 762604
3 4241 424050
3 6456 645514
3 788 78715
3 2648 264732
3 2274 227349
3 7481 748056
3 7925 792440
3 4513 451236
3 5262 526122
3 5262 526177
3 1170 116942
3 5892 589142
3 5892 589161
3 5892 589200
3 1347 134681
3 2738 273729
3 2738 273764
3 5963 596206
3 5963 596234
3 5963 596282
3 6807 680653
3 6807 680662
3 7101 710025
3 7101 710076
3 944 94307
3 1829 182855
3 4086 408563
3 3740 373925
3 3740 373988
3 3740 373992
3 3740 373998
3 5996 599511
3 5996 599526
3 5996 599590
3 1990 198967
3 363 36222
3 3919 391816
3 3919 391835
3 3919 391861
3 18 1721
3 18 1746
3 18 1794
3 5688 568784
3 4303 430259
3 602 60164
3 602 60189
3 2436 243577
3 6002 600167
3 2866 286518
3 2866 286524
3 5979 597872
3 1735 173432
3 1735 173484
3 6753 675248
3 3196 319560
3 1764 176315
3 1764 176327
3 1187 118681
3 7071 707067
3 4085 408435
3 3459 345823
3 3459 345875
3 7383 738216
3 7383 738287
3 5997 599677
3 7629 762877
3 7629 762893
3 1641 164044
3 1641 164051
3 1641 164065
3 6603 660257
3 6603 660276
3 1293 129218
3 2340 233980
3 2385 238433
3 2385 238479
3 7646 764562
3 342 34103
3 3965 396486
3 2313 231230
3 2313 231238
3 2313 231263
3 2678 267722
3 2678 267790
3 7703 770269
3 5976 597520
3 5976 597541
3 4657 465658
3 4657 465686
3 4849 484827
3 4849 484878
3 1201 120002
3 1201 120038
3 2831 283038
3 1318 131785
3 5982 598125
3 4021 402017
3 4021 402052
3 3403 340209
3 4529 452816
3 4529 452840
3 5507 550624
3 5507 550647
3 760 75943
3 5505 550411
3 2901 290039
3 2901 290046
3 6718 671712
3 6718 671742
3 3028 302745
3 3028 302772
3 3028 302777
3 3819 381877
3 5326 532546
3 5326 532552
3 420 41943
3 4498 449744
3 5476 547523
3 4778 477784
3 58 5719
3 1966 196571
3 3934 393315
3 3934 393334
3 4353 435256
3 2980 297909
3 2980 297947
3 1640 163955
3 7163 716243
3 7163 716283
3 6504 650325
3 6504 650355
3 1211 121035
3 7539 753821
3 1257 125690
3 2002 200155
3 2002 200186
3 2592 259153
3 2592 259195
3 7412 741139
3 7737 773681
3 6013 601261
3 6013 601299
3 1824 182384
3 7566 756512
3 2652 265103
3 2652 265161
3 2652 265194
3 3842 384178
3 4740 473922
3 2778 277786
3 438 43796
3 1041 104099
3 633 63239
3 633 63249
3 3023 302234
3 3023 302284
3 3023 302293
3 7339 733879
3 3198 319703
3 3198 319743
3 3198 319749
3 4334 433305
3 5576 557578
3 4404 440316
3 5453 545227
3 1933 193235
3 1933 193277
3 7385 738431
3 7385 738454
3 3020 301951
3 2029 202857
3 2029 202877
3 2216 221553
3 2216 221589
3 3667 366636
3 3667 366651
3 3667 366688
3 849 84866
3 849 84868
3 1464 146308
3 2614 261385
3 5457 545666
3 6016 601565
3 1368 136761
3 512 51112
3 512 51133
3 512 51161
3 5143 514231
3 5143 514243
3 5143 514266
3 6431 643022
3 4549 454815
3 4549 454826
3 7776 777547
3 7776 777588
3 6497 649680
3 4017 401623
3 7453 745220
3 7453 745223
3 7453 745226
3 7453 745228
3 7453 745237
3 6089 608831
3 3103 310237
3 3103 310266
3 6523 652257
3 6110 610937
3 6110 610940
3 4630 462932
3 6522 652137
3 1335 133413
3 6391 639023
3 6391 639059
3 818 81703
3 818 81748
3 7177 717611
3 2481 248073
3 2481 248089
3 2481 248100
3 7076 707532
3 6318 631760
3 720 71967
3 5354 535364
3 5354 535372
3 5354 535392
3 4074 407332
3 4074 407375
3 4074 407382
3 181 18044
3 5933 593263
3 5933 593300
3 1932 193124
3 1932 193134
3 5827 582641
3 5827 582665
3 536 53511
3 2099 209848
3 2099 209877
3 2099 209894
3 7393 739292
3 5166 516544
3 6680 667912
3 6680 667925
3 6680 667979
3 6680 667980
3 6680 667990
3 4523 452206
3 4523 452250
3 6606 660559
3 6606 660585
3 4200 419973
3 1343 134223
3 1194 119303
3 367 36621
3 367 36680
3 3796 379543
3 2944 294372
3 3563 356243
3 3563 356289
3 4744 474369
3 5395 539433
3 5395 539459
3 5395 539460
3 3644 364302
3 6882 688140
3 4454 445327
3 4893 489243
3 2789 278868
3 2789 278887
3 6555 655438
3 6555 655489
3 3256 325576
3 5739 573866
3 6106 610531
3 1920 191912
3 1920 191933
3 1920 191952
3 7276 727516
3 7276 727530
3 5045 504410
3 5045 504419
3 5045 504486
3 3741 374087
3 3571 357005
3 3571 357031
3 1448 144703
3 1448 144773
3 5990 598912
3 5990 598916
3 5990 598953
3 5990 598997
3 3566 356501
3 1919 191886
3 7986 798587
3 87 8604
3 87 8628
3 4365 436408
3 4365 436475
3 4365 436488
3 6600 659923
3 6600 659938
3 6600 659975
3 6600 659992
3 7006 700570
3 7006 700584
3 7006 700595
3 7103 710209
3 3970 396972
3 3970 396994
3 5862 586188
3 7583 758226
3 7583 758228
3 5446 544503
3 3264 326353
3 3264 326384
3 6077 607618
3 7317 731624
3 7317 731683
3 3828 382771
3 2387 238614
3 2387 238625
3 2387 238654
3 6352 635101
3 6352 635121
3 6352 635176
3 676 67597
3 5208 520717
3 5208 520763
3 6236 623534
3 2405 240485
3 5100 509995
3 6511 651099
3 7652 765123
3 7652 765199
3 7622 762193
3 4240 423939
3 4240 423967
3 4240 423999
3 7812 781131
3 5450 544907
3 7687 768637
3 7687 768656
3 1506 150574
3 2139 213864
3 216 21582
3 4486 448512
3 3326 332535
3 5731 573002
3 5731 573006
3 4474 447395
3 5209 520833
3 1859 185848
3 2569 256821
3 2569 256875
3 878 87772
3 3710 370958
3 5953 595258
3 207 20637
3 5280 527901
3 5280 527935
3 5280 527975
3 7408 740744
3 4036 403547
3 4036 403582
3 3499 349804
3 3787 378652
3 328 32738
3 328 32765
3 5334 533340
3 7781 778080
3 3335 333433
3 6231 623067
3 460 45926
3 620 61942
3 2428 242734
3 1808 180742
3 1808 180764
3 2814 281319
3 6953 695204
3 6953 695229
3 6953 695298
3 6812 681148
3 1606 160538
3 1606 160592
3 1772 177155
